17 0 0.229
17 1 0.194
17 2 0.188
17 3 0.275
17 4 0.034
17 5 0.065
17 6 0.177
17 7 0.357
17 8 0.303
17 9 0.302
17 10 0.185
17 11 0.186
17 12 0.195
17 13 0.211
17 14 0.16
17 15 0.293
17 16 0.285
17 17 0.001
17 18 0.033
17 21 0.281
17 22 0.214
18 0 0.25
18 1 0.194
18 2 0.187
18 3 0.277
18 4 0.002
18 5 0.097
18 6 0.182
18 7 0.38
18 8 0.331
18 9 0.333
18 10 0.215
18 11 0.214
18 12 0.226
18 13 0.24
18 14 0.189
18 15 0.322
18 16 0.313
18 17 0.033
18 18 0.001
18 21 0.286
18 22 0.23
16 0 0.083
16 1 0.161
16 2 0.154
16 3 0.002
16 4 0.27
16 5 0.277
16 6 0.286
16 7 0.233
16 8 0.018
16 9 0.018
16 10 0.116
16 11 0.119
16 12 0.124
16 13 0.083
16 14 0.15
16 15 0.021
16 16 0.001
16 17 0.285
16 18 0.314
16 21 0.108
16 22 0.118
15 0 0.085
15 1 0.165
15 2 0.151
15 3 0.021
15 4 0.265
15 5 0.272
15 6 0.284
15 7 0.229
15 8 0.012
15 9 0.012
15 10 0.113
15 11 0.114
15 12 0.122
15 13 0.084
15 14 0.146
15 15 0.001
15 16 0.02
15 17 0.293
15 18 0.322
15 21 0.099
15 22 0.117
13 0 0.002
13 1 0.078
13 2 0.066
13 3 0.078
13 4 0.246
13 5 0.187
13 6 0.207
13 7 0.143
13 8 0.091
13 9 0.091
13 10 0.04
13 11 0.038
13 12 0.037
13 13 0.001
13 14 0.064
13 15 0.084
13 16 0.082
13 17 0.211
13 18 0.24
13 21 0.022
13 22 0.035
14 0 0.064
14 1 0.025
14 2 0.004
14 3 0.142
14 4 0.178
14 5 0.119
14 6 0.2
14 7 0.187
14 8 0.16
14 9 0.161
14 10 0.066
14 11 0.066
14 12 0.068
14 13 0.064
14 14 0.001
14 15 0.146
14 16 0.149
14 17 0.16
14 18 0.189
14 21 0.058
14 22 0.048
6 0 0.256
6 1 0.209
6 2 0.192
6 3 0.361
6 4 0.199
6 5 0.141
6 6 0.0
6 7 0.343
6 8 0.306
6 9 0.307
6 10 0.204
6 11 0.204
6 12 0.217
6 13 0.208
6 14 0.2
6 15 0.288
6 16 0.286
6 17 0.179
6 18 0.182
6 21 0.242
6 22 0.197
3 0 0.096
3 1 0.169
3 2 0.172
3 3 0.0
3 4 0.195
3 5 0.283
3 6 0.36
3 7 0.226
3 8 0.019
3 9 0.019
3 10 0.125
3 11 0.125
3 12 0.133
3 13 0.078
3 14 0.142
3 15 0.022
3 16 0.002
3 17 0.279
3 18 0.275
3 21 0.112
3 22 0.132
5 0 0.197
5 1 0.134
5 2 0.127
5 3 0.283
5 4 0.096
5 5 0.001
5 6 0.14
5 7 0.301
5 8 0.274
5 9 0.275
5 10 0.164
5 11 0.164
5 12 0.173
5 13 0.19
5 14 0.127
5 15 0.272
5 16 0.272
5 17 0.065
5 18 0.094
5 21 0.175
5 22 0.154
4 0 0.256
4 1 0.207
4 2 0.186
4 3 0.195
4 4 0.001
4 5 0.096
4 6 0.199
4 7 0.363
4 8 0.325
4 9 0.325
4 10 0.206
4 11 0.206
4 12 0.218
4 13 0.244
4 14 0.186
4 15 0.264
4 16 0.257
4 17 0.034
4 18 0.002
4 21 0.243
4 22 0.213
7 0 0.144
7 1 0.224
7 2 0.19
7 3 0.226
7 4 0.363
7 5 0.3
7 6 0.342
7 7 0.0
7 8 0.22
7 9 0.22
7 10 0.154
7 11 0.154
7 12 0.143
7 13 0.142
7 14 0.187
7 15 0.226
7 16 0.234
7 17 0.365
7 18 0.382
7 21 0.165
7 22 0.171
0 0 0.0
0 1 0.101
0 2 0.086
0 3 0.096
0 4 0.256
0 5 0.197
0 6 0.257
0 7 0.145
0 8 0.093
0 9 0.093
0 10 0.039
0 11 0.038
0 12 0.037
0 13 0.002
0 14 0.065
0 15 0.084
0 16 0.085
0 17 0.23
0 18 0.248
0 21 0.03
0 22 0.038
2 0 0.086
2 1 0.023
2 2 0.001
2 3 0.172
2 4 0.182
2 5 0.126
2 6 0.19
2 7 0.19
2 8 0.161
2 9 0.161
2 10 0.054
2 11 0.054
2 12 0.07
2 13 0.066
2 14 0.004
2 15 0.151
2 16 0.15
2 17 0.187
2 18 0.187
2 21 0.059
2 22 0.054
1 0 0.101
1 1 0.001
1 2 0.023
1 3 0.17
1 4 0.208
1 5 0.134
1 6 0.208
1 7 0.224
1 8 0.167
1 9 0.167
1 10 0.059
1 11 0.06
1 12 0.076
1 13 0.078
1 14 0.025
1 15 0.166
1 16 0.164
1 17 0.194
1 18 0.195
1 21 0.071
1 22 0.073
8 0 0.093
8 1 0.167
8 2 0.16
8 3 0.019
8 4 0.325
8 5 0.274
8 6 0.306
8 7 0.22
8 8 0.001
8 9 0.001
8 10 0.11
8 11 0.11
8 12 0.117
8 13 0.091
8 14 0.159
8 15 0.011
8 16 0.018
8 17 0.302
8 18 0.331
8 21 0.111
8 22 0.127
9 0 0.093
9 1 0.167
9 2 0.16
9 3 0.019
9 4 0.325
9 5 0.274
9 6 0.306
9 7 0.22
9 8 0.001
9 9 0.001
9 10 0.111
9 11 0.109
9 12 0.117
9 13 0.091
9 14 0.16
9 15 0.011
9 16 0.018
9 17 0.302
9 18 0.331
9 21 0.111
9 22 0.128
10 0 0.038
10 1 0.059
10 2 0.053
10 3 0.125
10 4 0.205
10 5 0.164
10 6 0.204
10 7 0.154
10 8 0.11
10 9 0.11
10 10 0.001
10 11 0.001
10 12 0.021
10 13 0.038
10 14 0.066
10 15 0.114
10 16 0.118
10 17 0.185
10 18 0.215
10 21 0.016
10 22 0.032
11 0 0.038
11 1 0.059
11 2 0.053
11 3 0.124
11 4 0.205
11 5 0.163
11 6 0.204
11 7 0.154
11 8 0.109
11 9 0.109
11 10 0.001
11 11 0.001
11 12 0.021
11 13 0.038
11 14 0.066
11 15 0.113
11 16 0.116
11 17 0.185
11 18 0.215
11 21 0.017
11 22 0.032
12 0 0.037
12 1 0.076
12 2 0.07
12 3 0.132
12 4 0.218
12 5 0.173
12 6 0.217
12 7 0.143
12 8 0.117
12 9 0.118
12 10 0.021
12 11 0.021
12 12 0.001
12 13 0.037
12 14 0.069
12 15 0.122
12 16 0.124
12 17 0.195
12 18 0.225
12 21 0.034
12 22 0.013
21 0 0.03
21 1 0.07
21 2 0.058
21 3 0.112
21 4 0.243
21 5 0.174
21 6 0.241
21 7 0.164
21 8 0.113
21 9 0.112
21 10 0.017
21 11 0.017
21 12 0.035
21 13 0.021
21 14 0.058
21 15 0.104
21 16 0.104
21 17 0.283
21 18 0.287
21 21 0.001
21 22 0.031
22 0 0.038
22 1 0.072
22 2 0.053
22 3 0.131
22 4 0.216
22 5 0.153
22 6 0.197
22 7 0.17
22 8 0.128
22 9 0.128
22 10 0.032
22 11 0.032
22 12 0.013
22 13 0.035
22 14 0.047
22 15 0.116
22 16 0.117
22 17 0.214
22 18 0.23
22 21 0.031
22 22 0.001
