R 0 13
R 0 14
R 0 15
R 1 13
R 1 14
R 1 15
R 2 13
R 2 14
R 2 15
R 3 13
R 3 14
R 3 15
R 4 13
R 4 14
R 4 15
R 5 13
R 5 14
R 5 15
R 6 13
R 6 14
R 6 15
R 7 13
R 7 14
R 7 15
C 13
C 14
C 15
F 0 13 5000
F 0 14 5000
F 0 15 5000
F 1 13 5000
F 1 14 5000
F 1 15 5000
F 2 13 5000
F 2 14 5000
F 2 15 5000
F 3 13 5000
F 3 14 5000
F 3 15 5000
F 4 14 5000
F 5 15 5000
F 6 13 5000
F 7 15 5000
F 13 14 5000
F 13 15 5000
F 14 13 5000
F 14 15 5000
F 15 13 10000
F 15 14 10000
I 0 0 13
I 0 0 14
I 0 0 15
I 1 1 13
I 1 1 14
I 1 1 15
I 2 2 13
I 2 2 14
I 2 2 15
I 3 3 13
I 3 3 14
I 3 3 15
I 4 14 13
I 4 4 14
I 4 14 15
I 5 15 13
I 5 15 14
I 5 5 15
I 6 6 13
I 6 13 14
I 6 13 15
I 7 15 13
I 7 15 14
I 7 7 15
D 4 14 13
D 4 14 15
D 5 15 13
D 5 15 14
D 6 13 14
D 6 13 15
D 7 15 13
D 7 15 14
D 0 0 13
D 0 0 14
D 0 0 15
D 1 1 13
D 1 1 14
D 1 1 15
D 2 2 13
D 2 2 14
D 2 2 15
D 3 3 13
D 3 3 14
D 3 3 15
D 4 4 14
D 5 5 15
D 6 6 13
D 7 7 15
