#region put/100,000 get/100,000 [i,j]networking/GB
0 1 0.1 0.095 0.12 0.12 0.12 0.12 0.12 0.12 0.12 0.12 0.12 0.12 0.12 0.12 0.12 0.12 0.12 0.12 0.12 0.12 0.12
1 1 0.1 0.095 0.12 0.12 0.12 0.12 0.12 0.12 0.12 0.12 0.12 0.12 0.12 0.12 0.12 0.12 0.12 0.12 0.12 0.12 0.12
2 1.1 0.11 0.105 0.12 0.12 0.12 0.12 0.12 0.12 0.12 0.12 0.12 0.12 0.12 0.12 0.12 0.12 0.12 0.12 0.12 0.12 0.12
3 1 0.1 0.095 0.12 0.12 0.12 0.12 0.12 0.12 0.12 0.12 0.12 0.12 0.12 0.12 0.12 0.12 0.12 0.12 0.12 0.12 0.12
4 1 0.1 0.095 0.19 0.19 0.19 0.19 0.19 0.19 0.19 0.19 0.19 0.19 0.19 0.19 0.19 0.19 0.19 0.19 0.19 0.19 0.19
5 1 0.1 0.1 0.201 0.201 0.201 0.201 0.201 0.201 0.201 0.201 0.201 0.201 0.201 0.201 0.201 0.201 0.201 0.201 0.201 0.201 0.201
6 1.1 0.11 0.105 0.19 0.19 0.19 0.19 0.19 0.19 0.19 0.19 0.19 0.19 0.19 0.19 0.19 0.19 0.19 0.19 0.19 0.19 0.19
7 1.4 0.14 0.13 0.25 0.25 0.25 0.25 0.25 0.25 0.25 0.25 0.25 0.25 0.25 0.25 0.25 0.25 0.25 0.25 0.25 0.25 0.25
8 1 0.1 0.085 0.12 0.12 0.12 0.12 0.21 0.21 0.21 0.12 0.12 0.12 0.12 0.12 0.12 0.12 0.12 0.12 0.12 0.21 0.21
9 1 0.1 0.085 0.12 0.12 0.12 0.12 0.21 0.21 0.21 0.12 0.12 0.12 0.12 0.12 0.12 0.12 0.12 0.12 0.12 0.21 0.2
10 1 0.1 0.085 0.12 0.12 0.12 0.12 0.21 0.21 0.21 0.12 0.12 0.12 0.12 0.12 0.12 0.12 0.12 0.12 0.12 0.21 0.2
11 1 0.1 0.085 0.12 0.12 0.12 0.12 0.21 0.21 0.21 0.12 0.12 0.12 0.12 0.12 0.12 0.12 0.12 0.12 0.12 0.21 0.2
12 1 0.1 0.085 0.12 0.12 0.12 0.12 0.21 0.21 0.21 0.12 0.12 0.12 0.12 0.12 0.12 0.12 0.12 0.12 0.12 0.21 0.2
13 0.01 0.01 0.095 0.12 0.12 0.12 0.12 0.12 0.12 0.12 0.12 0.12 0.12 0.12 0.12 0.12 0.12 0.12 0.12 0.12 0.12 0.12
14 0.01 0.01 0.095 0.12 0.12 0.12 0.12 0.12 0.12 0.12 0.12 0.12 0.12 0.12 0.12 0.12 0.12 0.12 0.12 0.12 0.12 0.12
15 0.01 0.01 0.095 0.12 0.12 0.12 0.12 0.12 0.12 0.12 0.12 0.12 0.12 0.12 0.12 0.12 0.12 0.12 0.12 0.12 0.12 0.12
16 0.01 0.01 0.095 0.12 0.12 0.12 0.12 0.12 0.12 0.12 0.12 0.12 0.12 0.12 0.12 0.12 0.12 0.12 0.12 0.12 0.12 0.12
17 0.01 0.01 0.095 0.19 0.19 0.19 0.19 0.19 0.19 0.19 0.19 0.19 0.19 0.19 0.19 0.19 0.19 0.19 0.19 0.19 0.19 0.19
18 0.01 0.01 0.095 0.19 0.19 0.19 0.19 0.19 0.19 0.19 0.19 0.19 0.19 0.19 0.19 0.19 0.19 0.19 0.19 0.19 0.19 0.19
#21 0 0 0.12
#22 0 0 0.12
