#region put/100,000 get/100,000 storage/GB [i,j]networking/GB
0 0.50001 0.040001 0.095 0 0.12 0.12 0.12 0.12 0.12 0.12 0.12 0.12 0.12 0.12 0.12 0.12 0.12 0.12 0.12 0.12 0.12 0.12
1 0.50002 0.040002 0.095 0.12 0 0.12 0.12 0.12 0.12 0.12 0.12 0.12 0.12 0.12 0.12 0.12 0.12 0.12 0.12 0.12 0.12 0.12
2 0.55001 0.044001 0.105 0.12 0.12 0 0.12 0.12 0.12 0.12 0.12 0.12 0.12 0.12 0.12 0.12 0.12 0.12 0.12 0.12 0.12 0.12
3 0.50003 0.040003 0.095 0.12 0.12 0.12 0 0.12 0.12 0.12 0.12 0.12 0.12 0.12 0.12 0.12 0.12 0.12 0.12 0.12 0.12 0.12
4 0.50004 0.040004 0.095 0.19 0.19 0.19 0.19 0 0.19 0.19 0.19 0.19 0.19 0.19 0.19 0.19 0.19 0.19 0.19 0.19 0.19 0.19
5 0.50005 0.040005 0.1 0.201 0.201 0.201 0.201 0.201 0 0.201 0.201 0.201 0.201 0.201 0.201 0.201 0.201 0.201 0.201 0.201 0.201 0.201
6 0.55002 0.044002 0.105 0.19 0.19 0.19 0.19 0.19 0.19 0 0.19 0.19 0.19 0.19 0.19 0.19 0.19 0.19 0.19 0.19 0.19 0.19
7 0.7 0.056 0.13 0.25 0.25 0.25 0.25 0.25 0.25 0.25 0 0.25 0.25 0.25 0.25 0.25 0.25 0.25 0.25 0.25 0.25 0.25
#8 1 0.1 0.085 0.12 0.12 0.12 0.12 0.21 0.21 0.21 0.12 0.12 0.12 0.12 0.12 0.12 0.12 0.12 0.12 0.12 0.21 0.21
#9 1 0.1 0.085 0.12 0.12 0.12 0.12 0.21 0.21 0.21 0.12 0.12 0.12 0.12 0.12 0.12 0.12 0.12 0.12 0.12 0.21 0.2
#10 1 0.1 0.085 0.12 0.12 0.12 0.12 0.21 0.21 0.21 0.12 0.12 0.12 0.12 0.12 0.12 0.12 0.12 0.12 0.12 0.21 0.2
#11 1 0.1 0.085 0.12 0.12 0.12 0.12 0.21 0.21 0.21 0.12 0.12 0.12 0.12 0.12 0.12 0.12 0.12 0.12 0.12 0.21 0.2
#12 1 0.1 0.085 0.12 0.12 0.12 0.12 0.21 0.21 0.21 0.12 0.12 0.12 0.12 0.12 0.12 0.12 0.12 0.12 0.12 0.21 0.2
13 0.01001 0.01001 0.095 0.12 0.12 0.12 0.12 0.12 0.12 0.12 0.12 0.12 0.12 0.12 0.12 0.12 0 0.12 0.12 0.12 0.12 0.12
14 0.01002 0.01002 0.095 0.12 0.12 0.12 0.12 0.12 0.12 0.12 0.12 0.12 0.12 0.12 0.12 0.12 0.12 0 0.12 0.12 0.12 0.12
15 0.01003 0.01003 0.095 0.12 0.12 0.12 0.12 0.12 0.12 0.12 0.12 0.12 0.12 0.12 0.12 0.12 0.12 0.12 0 0.12 0.12 0.12
16 0.01004 0.01004 0.095 0.12 0.12 0.12 0.12 0.12 0.12 0.12 0.12 0.12 0.12 0.12 0.12 0.12 0.12 0.12 0.12 0 0.12 0.12
17 0.01005 0.01005 0.095 0.19 0.19 0.19 0.19 0.19 0.19 0.19 0.19 0.19 0.19 0.19 0.19 0.19 0.19 0.19 0.19 0.19 0 0.19
18 0.01006 0.01006 0.095 0.19 0.19 0.19 0.19 0.19 0.19 0.19 0.19 0.19 0.19 0.19 0.19 0.19 0.19 0.19 0.19 0.19 0.19 0
