0 0 PUT 50 43.791015625
0 0 PUT 80 57.0659179688
0 0 PUT 90 75.6928710938
0 0 PUT 99 270.083007812
0 0 PUT 99.9 2529.69799805
0 0 GET 50 18.5368652344
0 0 GET 80 24.1005859375
0 0 GET 90 31.7858886719
0 0 GET 99 209.814941406
0 0 GET 99.9 1539.20092773
0 1 PUT 50 110.984863281
0 1 PUT 80 123.09375
0 1 PUT 90 130.127929688
0 1 PUT 99 185.162841797
0 1 PUT 99.9 1013.09301758
0 1 GET 50 98.0122070312
0 1 GET 80 101.473144531
0 1 GET 90 104.443115234
0 1 GET 99 136.762207031
0 1 GET 99.9 1057.39404297
0 2 PUT 50 120.538818359
0 2 PUT 80 133.489746094
0 2 PUT 90 145.401855469
0 2 PUT 99 315.154052734
0 2 PUT 99.9 460.464111328
0 2 GET 50 101.428955078
0 2 GET 80 107.962158203
0 2 GET 90 117.71484375
0 2 GET 99 284.25390625
0 2 GET 99.9 415.954833984
0 3 PUT 50 136.547851562
0 3 PUT 80 149.725830078
0 3 PUT 90 160.832275391
0 3 PUT 99 232.784179688
0 3 PUT 99.9 399.931884766
0 3 GET 50 119.199951172
0 3 GET 80 126.554931641
0 3 GET 90 133.642822266
0 3 GET 99 209.80078125
0 3 GET 99.9 329.290771484
0 4 PUT 50 284.032226562
0 4 PUT 80 294.534912109
0 4 PUT 90 300.565917969
0 4 PUT 99 335.998046875
0 4 PUT 99.9 504.233154297
0 4 GET 50 271.578857422
0 4 GET 80 281.597900391
0 4 GET 90 285.013916016
0 4 GET 99 310.971923828
0 4 GET 99.9 485.013916016
0 5 PUT 50 231.961914062
0 5 PUT 80 255.28515625
0 5 PUT 90 272.071289062
0 5 PUT 99 341.009033203
0 5 PUT 99.9 879.841308594
0 5 GET 50 206.178222656
0 5 GET 80 229.885986328
0 5 GET 90 242.005126953
0 5 GET 99 288.377929688
0 5 GET 99.9 1094.5690918
0 6 PUT 50 297.239990234
0 6 PUT 80 309.731933594
0 6 PUT 90 317.366943359
0 6 PUT 99 367.322021484
0 6 PUT 99.9 444.217041016
0 6 GET 50 271.007080078
0 6 GET 80 279.733398438
0 6 GET 90 283.833984375
0 6 GET 99 326.287841797
0 6 GET 99.9 360.680908203
0 7 PUT 50 183.578857422
0 7 PUT 80 196.678222656
0 7 PUT 90 207.892822266
0 7 PUT 99 417.887939453
0 7 PUT 99.9 1109.46484375
0 7 GET 50 162.897949219
0 7 GET 80 173.571044922
0 7 GET 90 180.463134766
0 7 GET 99 261.566162109
0 7 GET 99.9 1464.62207031
0 13 PUT 50 9.45703125
0 13 PUT 80 11.3681640625
0 13 PUT 90 14.0412597656
0 13 PUT 99 33.6860351562
0 13 PUT 99.9 157.134033203
0 13 GET 50 5.94604492188
0 13 GET 80 6.7119140625
0 13 GET 90 7.7431640625
0 13 GET 99 32.3942871094
0 13 GET 99.9 203.111816406
0 14 PUT 50 74.0849609375
0 14 PUT 80 79.2429199219
0 14 PUT 90 85.8701171875
0 14 PUT 99 172.837890625
0 14 PUT 99.9 357.427246094
0 14 GET 50 69.5900878906
0 14 GET 80 71.548828125
0 14 GET 90 75.9060058594
0 14 GET 99 131.713867188
0 14 GET 99.9 297.228027344
0 15 PUT 50 101.703369141
0 15 PUT 80 106.079833984
0 15 PUT 90 110.5390625
0 15 PUT 99 161.319091797
0 15 PUT 99.9 482.009033203
0 15 GET 50 96.1689453125
0 15 GET 80 98.7229003906
0 15 GET 90 102.250976562
0 15 GET 99 168.934326172
0 15 GET 99.9 409.338134766
0 16 PUT 50 94.7509765625
0 16 PUT 80 100.321044922
0 16 PUT 90 106.032226562
0 16 PUT 99 172.450927734
0 16 PUT 99.9 386.988037109
0 16 GET 50 88.5322265625
0 16 GET 80 92.3020019531
0 16 GET 90 98.369140625
0 16 GET 99 171.524902344
0 16 GET 99.9 335.026855469
0 17 PUT 50 240.771972656
0 17 PUT 80 245.109863281
0 17 PUT 90 247.845947266
0 17 PUT 99 295.963134766
0 17 PUT 99.9 677.303222656
0 17 GET 50 236.600097656
0 17 GET 80 241.181152344
0 17 GET 90 242.473144531
0 17 GET 99 299.225097656
0 17 GET 99.9 393.66015625
0 18 PUT 50 262.352050781
0 18 PUT 80 266.427978516
0 18 PUT 90 270.460205078
0 18 PUT 99 304.655029297
0 18 PUT 99.9 416.781005859
0 18 GET 50 257.346923828
0 18 GET 80 259.360839844
0 18 GET 90 262.486816406
0 18 GET 99 308.800048828
0 18 GET 99.9 422.044189453
1 0 PUT 50 110.984863281
1 0 PUT 80 123.09375
1 0 PUT 90 130.127929688
1 0 PUT 99 185.162841797
1 0 PUT 99.9 1013.09301758
1 0 GET 50 98.0122070312
1 0 GET 80 101.473144531
1 0 GET 90 104.443115234
1 0 GET 99 136.762207031
1 0 GET 99.9 1057.39404297
1 1 PUT 50 27.9509277344
1 1 PUT 80 39.2722167969
1 1 PUT 90 45.8432617188
1 1 PUT 99 72.8518066406
1 1 PUT 99.9 655.947021484
1 1 GET 50 14.8100585938
1 1 GET 80 16.9379882812
1 1 GET 90 20.8298339844
1 1 GET 99 46.8488769531
1 1 GET 99.9 307.408935547
1 2 PUT 50 48.7380371094
1 2 PUT 80 60.005859375
1 2 PUT 90 66.7958984375
1 2 PUT 99 101.977783203
1 2 PUT 99.9 352.791259766
1 2 GET 50 34.9050292969
1 2 GET 80 37.0881347656
1 2 GET 90 40.8491210938
1 2 GET 99 71.4262695312
1 2 GET 99.9 305.299804688
1 3 PUT 50 200.8828125
1 3 PUT 80 216.415039062
1 3 PUT 90 224.521972656
1 3 PUT 99 256.756835938
1 3 PUT 99.9 460.829101562
1 3 GET 50 186.122070312
1 3 GET 80 199.597900391
1 3 GET 90 204.59375
1 3 GET 99 223.553955078
1 3 GET 99.9 262.842041016
1 4 PUT 50 243.856933594
1 4 PUT 80 253.624267578
1 4 PUT 90 259.532958984
1 4 PUT 99 292.769287109
1 4 PUT 99.9 508.528076172
1 4 GET 50 231.562255859
1 4 GET 80 239.904296875
1 4 GET 90 243.802978516
1 4 GET 99 269.900878906
1 4 GET 99.9 439.186767578
1 5 PUT 50 173.524902344
1 5 PUT 80 193.776123047
1 5 PUT 90 205.907958984
1 5 PUT 99 269.986816406
1 5 PUT 99.9 713.518310547
1 5 GET 50 159.424804688
1 5 GET 80 178.056884766
1 5 GET 90 186.405029297
1 5 GET 99 218.215087891
1 5 GET 99.9 494.885986328
1 6 PUT 50 240.065917969
1 6 PUT 80 253.479980469
1 6 PUT 90 261.835205078
1 6 PUT 99 305.638671875
1 6 PUT 99.9 413.558837891
1 6 GET 50 221.362060547
1 6 GET 80 230.018798828
1 6 GET 90 235.233154297
1 6 GET 99 259.685058594
1 6 GET 99.9 308.385986328
1 7 PUT 50 241.015136719
1 7 PUT 80 255.597900391
1 7 PUT 90 264.287109375
1 7 PUT 99 423.880859375
1 7 PUT 99.9 1619.07104492
1 7 GET 50 225.843017578
1 7 GET 80 236.973144531
1 7 GET 90 246.16015625
1 7 GET 99 265.831054688
1 7 GET 99.9 665.138916016
1 13 PUT 50 85.7907714844
1 13 PUT 80 88.287109375
1 13 PUT 90 92.4958496094
1 13 PUT 99 166.456054688
1 13 PUT 99.9 451.80078125
1 13 GET 50 82.0510253906
1 13 GET 80 83.1560058594
1 13 GET 90 84.9379882812
1 13 GET 99 124.937255859
1 13 GET 99.9 368.592041016
1 14 PUT 50 32.7497558594
1 14 PUT 80 36.4389648438
1 14 PUT 90 42.3918457031
1 14 PUT 99 82.1279296875
1 14 PUT 99.9 169.79296875
1 14 GET 50 28.5151367188
1 14 GET 80 30.0217285156
1 14 GET 90 32.8127441406
1 14 GET 99 72.341796875
1 14 GET 99.9 206.529052734
1 15 PUT 50 168.937988281
1 15 PUT 80 172.841064453
1 15 PUT 90 177.53515625
1 15 PUT 99 244.974853516
1 15 PUT 99.9 586.648925781
1 15 GET 50 163.883056641
1 15 GET 80 165.580078125
1 15 GET 90 170.151855469
1 15 GET 99 226.807128906
1 15 GET 99.9 484.050048828
1 16 PUT 50 168.91015625
1 16 PUT 80 174.600097656
1 16 PUT 90 179.992919922
1 16 PUT 99 251.129150391
1 16 PUT 99.9 453.598144531
1 16 GET 50 163.309814453
1 16 GET 80 167.29296875
1 16 GET 90 172.635009766
1 16 GET 99 207.024902344
1 16 GET 99.9 463.179931641
1 17 PUT 50 199.870849609
1 17 PUT 80 205.560058594
1 17 PUT 90 209.791015625
1 17 PUT 99 248.633789062
1 17 PUT 99.9 405.257080078
1 17 GET 50 195.533203125
1 17 GET 80 201.129882812
1 17 GET 90 203.861816406
1 17 GET 99 248.551757812
1 17 GET 99.9 364.374755859
1 18 PUT 50 213.84375
1 18 PUT 80 218.200927734
1 18 PUT 90 221.664794922
1 18 PUT 99 258.671875
1 18 PUT 99.9 355.816162109
1 18 GET 50 208.704101562
1 18 GET 80 211.083984375
1 18 GET 90 214.838867188
1 18 GET 99 258.452880859
1 18 GET 99.9 319.958007812
2 0 PUT 50 120.538818359
2 0 PUT 80 133.489746094
2 0 PUT 90 145.401855469
2 0 PUT 99 315.154052734
2 0 PUT 99.9 460.464111328
2 0 GET 50 101.428955078
2 0 GET 80 107.962158203
2 0 GET 90 117.71484375
2 0 GET 99 284.25390625
2 0 GET 99.9 415.954833984
2 1 PUT 50 48.7380371094
2 1 PUT 80 60.005859375
2 1 PUT 90 66.7958984375
2 1 PUT 99 101.977783203
2 1 PUT 99.9 352.791259766
2 1 GET 50 34.9050292969
2 1 GET 80 37.0881347656
2 1 GET 90 40.8491210938
2 1 GET 99 71.4262695312
2 1 GET 99.9 305.299804688
2 2 PUT 50 38.4987792969
2 2 PUT 80 51.83203125
2 2 PUT 90 64.6411132812
2 2 PUT 99 240.424072266
2 2 PUT 99.9 641.047119141
2 2 GET 50 19.5771484375
2 2 GET 80 25.53125
2 2 GET 90 35.375
2 2 GET 99 219.445800781
2 2 GET 99.9 415.406005859
2 3 PUT 50 201.83984375
2 3 PUT 80 213.926269531
2 3 PUT 90 221.631103516
2 3 PUT 99 259.033935547
2 3 PUT 99.9 487.197021484
2 3 GET 50 184.605957031
2 3 GET 80 193.056884766
2 3 GET 90 196.786132812
2 3 GET 99 218.399902344
2 3 GET 99.9 411.639160156
2 4 PUT 50 220.197753906
2 4 PUT 80 227.146728516
2 4 PUT 90 233.565185547
2 4 PUT 99 270.957763672
2 4 PUT 99.9 671.445068359
2 4 GET 50 208.916992188
2 4 GET 80 215.513916016
2 4 GET 90 217.431884766
2 4 GET 99 253.328125
2 4 GET 99.9 470.049072266
2 5 PUT 50 170.156005859
2 5 PUT 80 184.663085938
2 5 PUT 90 197.905029297
2 5 PUT 99 322.257080078
2 5 PUT 99.9 946.367919922
2 5 GET 50 147.403808594
2 5 GET 80 154.329833984
2 5 GET 90 163.994873047
2 5 GET 99 225.598144531
2 5 GET 99.9 527.913085938
2 6 PUT 50 222.302978516
2 6 PUT 80 238.117919922
2 6 PUT 90 246.875
2 6 PUT 99 307.815185547
2 6 PUT 99.9 680.431884766
2 6 GET 50 193.322021484
2 6 GET 80 208.145751953
2 6 GET 90 213.621826172
2 6 GET 99 259.432128906
2 6 GET 99.9 428.648925781
2 7 PUT 50 242.413085938
2 7 PUT 80 260.137939453
2 7 PUT 90 278.944091797
2 7 PUT 99 431.907958984
2 7 PUT 99.9 1274.32714844
2 7 GET 50 223.105957031
2 7 GET 80 235.325683594
2 7 GET 90 249.480957031
2 7 GET 99 417.021972656
2 7 GET 99.9 1246.28686523
2 13 PUT 50 75.6372070312
2 13 PUT 80 78.0439453125
2 13 PUT 90 81.8039550781
2 13 PUT 99 161.790283203
2 13 PUT 99.9 392.706787109
2 13 GET 50 71.7958984375
2 13 GET 80 72.8798828125
2 13 GET 90 74.6049804688
2 13 GET 99 156.220703125
2 13 GET 99.9 421.174072266
2 14 PUT 50 13.3349609375
2 14 PUT 80 17.0908203125
2 14 PUT 90 22.0202636719
2 14 PUT 99 63.3149414062
2 14 PUT 99.9 243.671875
2 14 GET 50 8.98388671875
2 14 GET 80 10.3110351562
2 14 GET 90 12.515625
2 14 GET 99 54.0349121094
2 14 GET 99.9 170.851074219
2 15 PUT 50 160.986083984
2 15 PUT 80 165.247070312
2 15 PUT 90 170.104003906
2 15 PUT 99 242.643310547
2 15 PUT 99.9 544.125244141
2 15 GET 50 155.594238281
2 15 GET 80 157.379882812
2 15 GET 90 161.108886719
2 15 GET 99 241.982177734
2 15 GET 99.9 478.193847656
2 16 PUT 50 161.95703125
2 16 PUT 80 167.768798828
2 16 PUT 90 174.486328125
2 16 PUT 99 266.67578125
2 16 PUT 99.9 656.354980469
2 16 GET 50 155.712890625
2 16 GET 80 159.024902344
2 16 GET 90 165.192871094
2 16 GET 99 248.492919922
2 16 GET 99.9 454.409179688
2 17 PUT 50 171.561035156
2 17 PUT 80 174.015869141
2 17 PUT 90 180.246337891
2 17 PUT 99 217.997802734
2 17 PUT 99.9 338.912841797
2 17 GET 50 167.541992188
2 17 GET 80 169.277832031
2 17 GET 90 174.118164062
2 17 GET 99 222.341064453
2 17 GET 99.9 325.233886719
2 18 PUT 50 193.634033203
2 18 PUT 80 198.781005859
2 18 PUT 90 202.199951172
2 18 PUT 99 230.497070312
2 18 PUT 99.9 414.162841797
2 18 GET 50 188.370117188
2 18 GET 80 190.351074219
2 18 GET 90 195.857910156
2 18 GET 99 236.624023438
2 18 GET 99.9 340.669921875
3 0 PUT 50 136.547851562
3 0 PUT 80 149.725830078
3 0 PUT 90 160.832275391
3 0 PUT 99 232.784179688
3 0 PUT 99.9 399.931884766
3 0 GET 50 119.199951172
3 0 GET 80 126.554931641
3 0 GET 90 133.642822266
3 0 GET 99 209.80078125
3 0 GET 99.9 329.290771484
3 1 PUT 50 200.8828125
3 1 PUT 80 216.415039062
3 1 PUT 90 224.521972656
3 1 PUT 99 256.756835938
3 1 PUT 99.9 460.829101562
3 1 GET 50 186.122070312
3 1 GET 80 199.597900391
3 1 GET 90 204.59375
3 1 GET 99 223.553955078
3 1 GET 99.9 262.842041016
3 2 PUT 50 201.83984375
3 2 PUT 80 213.926269531
3 2 PUT 90 221.631103516
3 2 PUT 99 259.033935547
3 2 PUT 99.9 487.197021484
3 2 GET 50 184.605957031
3 2 GET 80 193.056884766
3 2 GET 90 196.786132812
3 2 GET 99 218.399902344
3 2 GET 99.9 411.639160156
3 3 PUT 50 35.4360351562
3 3 PUT 80 46.673828125
3 3 PUT 90 52.6110839844
3 3 PUT 99 86.2629394531
3 3 PUT 99.9 268.496826172
3 3 GET 50 17.7221679688
3 3 GET 80 21.5270996094
3 3 GET 90 25.2421875
3 3 GET 99 50.3837890625
3 3 GET 99.9 220.322021484
3 4 PUT 50 311.203125
3 4 PUT 80 324.62890625
3 4 PUT 90 333.302978516
3 4 PUT 99 399.104980469
3 4 PUT 99.9 511.165771484
3 4 GET 50 294.660888672
3 4 GET 80 299.735107422
3 4 GET 90 306.739990234
3 4 GET 99 380.809814453
3 4 GET 99.9 504.676025391
3 5 PUT 50 317.514892578
3 5 PUT 80 331.064941406
3 5 PUT 90 338.080322266
3 5 PUT 99 380.534179688
3 5 PUT 99.9 1329.9621582
3 5 GET 50 298.120117188
3 5 GET 80 305.459960938
3 5 GET 90 311.785888672
3 5 GET 99 338.62109375
3 5 GET 99.9 947.161132812
3 6 PUT 50 387.233886719
3 6 PUT 80 402.0
3 6 PUT 90 410.732910156
3 6 PUT 99 454.285888672
3 6 PUT 99.9 586.411865234
3 6 GET 50 366.531005859
3 6 GET 80 374.933105469
3 6 GET 90 378.889892578
3 6 GET 99 412.218261719
3 6 GET 99.9 497.444824219
3 7 PUT 50 262.064941406
3 7 PUT 80 277.057861328
3 7 PUT 90 286.702148438
3 7 PUT 99 336.706787109
3 7 PUT 99.9 715.961914062
3 7 GET 50 244.19921875
3 7 GET 80 255.546142578
3 7 GET 90 261.024902344
3 7 GET 99 296.548339844
3 7 GET 99.9 462.163085938
3 13 PUT 50 85.9072265625
3 13 PUT 80 88.3972167969
3 13 PUT 90 92.2590332031
3 13 PUT 99 165.788085938
3 13 PUT 99.9 485.615234375
3 13 GET 50 82.2080078125
3 13 GET 80 83.2849121094
3 13 GET 90 85.5498046875
3 13 GET 99 130.175048828
3 13 GET 99.9 364.978271484
3 14 PUT 50 152.101074219
3 14 PUT 80 156.912841797
3 14 PUT 90 163.588134766
3 14 PUT 99 234.031005859
3 14 PUT 99.9 415.072021484
3 14 GET 50 146.713867188
3 14 GET 80 150.089111328
3 14 GET 90 154.262207031
3 14 GET 99 189.982910156
3 14 GET 99.9 503.190917969
3 15 PUT 50 29.9919433594
3 15 PUT 80 33.0500488281
3 15 PUT 90 37.6311035156
3 15 PUT 99 73.4108886719
3 15 PUT 99.9 274.328857422
3 15 GET 50 25.7043457031
3 15 GET 80 26.9191894531
3 15 GET 90 28.8830566406
3 15 GET 99 71.7639160156
3 15 GET 99.9 248.931884766
3 16 PUT 50 10.9111328125
3 16 PUT 80 14.958984375
3 16 PUT 90 19.6208496094
3 16 PUT 99 52.7392578125
3 16 PUT 99.9 154.318115234
3 16 GET 50 6.47387695312
3 16 GET 80 7.56787109375
3 16 GET 90 9.86010742188
3 16 GET 99 47.54296875
3 16 GET 99.9 122.878173828
3 17 PUT 50 274.826904297
3 17 PUT 80 281.170898438
3 17 PUT 90 284.21484375
3 17 PUT 99 353.479003906
3 17 PUT 99.9 792.329101562
3 17 GET 50 270.450195312
3 17 GET 80 277.188964844
3 17 GET 90 280.027832031
3 17 GET 99 331.456787109
3 17 GET 99.9 768.121826172
3 18 PUT 50 285.131103516
3 18 PUT 80 291.827148438
3 18 PUT 90 297.461914062
3 18 PUT 99 373.294189453
3 18 PUT 99.9 1253.328125
3 18 GET 50 279.330078125
3 18 GET 80 285.104980469
3 18 GET 90 289.396972656
3 18 GET 99 331.806884766
3 18 GET 99.9 761.227050781
4 0 PUT 50 284.032226562
4 0 PUT 80 294.534912109
4 0 PUT 90 300.565917969
4 0 PUT 99 335.998046875
4 0 PUT 99.9 504.233154297
4 0 GET 50 271.578857422
4 0 GET 80 281.597900391
4 0 GET 90 285.013916016
4 0 GET 99 310.971923828
4 0 GET 99.9 485.013916016
4 1 PUT 50 243.856933594
4 1 PUT 80 253.624267578
4 1 PUT 90 259.532958984
4 1 PUT 99 292.769287109
4 1 PUT 99.9 508.528076172
4 1 GET 50 231.562255859
4 1 GET 80 239.904296875
4 1 GET 90 243.802978516
4 1 GET 99 269.900878906
4 1 GET 99.9 439.186767578
4 2 PUT 50 220.197753906
4 2 PUT 80 227.146728516
4 2 PUT 90 233.565185547
4 2 PUT 99 270.957763672
4 2 PUT 99.9 671.445068359
4 2 GET 50 208.916992188
4 2 GET 80 215.513916016
4 2 GET 90 217.431884766
4 2 GET 99 253.328125
4 2 GET 99.9 470.049072266
4 3 PUT 50 311.203125
4 3 PUT 80 324.62890625
4 3 PUT 90 333.302978516
4 3 PUT 99 399.104980469
4 3 PUT 99.9 511.165771484
4 3 GET 50 294.660888672
4 3 GET 80 299.735107422
4 3 GET 90 306.739990234
4 3 GET 99 380.809814453
4 3 GET 99.9 504.676025391
4 4 PUT 50 25.8278808594
4 4 PUT 80 34.2861328125
4 4 PUT 90 40.087890625
4 4 PUT 99 73.3190917969
4 4 PUT 99.9 123.064941406
4 4 GET 50 16.0759277344
4 4 GET 80 17.5861816406
4 4 GET 90 18.9020996094
4 4 GET 99 46.6408691406
4 4 GET 99.9 116.396972656
4 5 PUT 50 117.353759766
4 5 PUT 80 124.115966797
4 5 PUT 90 132.008056641
4 5 PUT 99 165.340087891
4 5 PUT 99.9 321.549804688
4 5 GET 50 106.708007812
4 5 GET 80 111.483154297
4 5 GET 90 113.834960938
4 5 GET 99 146.024169922
4 5 GET 99.9 379.5390625
4 6 PUT 50 230.372314453
4 6 PUT 80 239.614990234
4 6 PUT 90 248.197021484
4 6 PUT 99 284.467773438
4 6 PUT 99.9 464.732177734
4 6 GET 50 216.905029297
4 6 GET 80 222.986083984
4 6 GET 90 225.135009766
4 6 GET 99 252.270019531
4 6 GET 99.9 428.496826172
4 7 PUT 50 393.724853516
4 7 PUT 80 404.811035156
4 7 PUT 90 410.978027344
4 7 PUT 99 443.897949219
4 7 PUT 99.9 609.845214844
4 7 GET 50 382.171142578
4 7 GET 80 391.764892578
4 7 GET 90 397.328125
4 7 GET 99 429.944091797
4 7 GET 99.9 1017.89599609
4 13 PUT 50 255.762939453
4 13 PUT 80 264.541259766
4 13 PUT 90 271.492919922
4 13 PUT 99 340.272216797
4 13 PUT 99.9 666.402099609
4 13 GET 50 251.849853516
4 13 GET 80 260.356933594
4 13 GET 90 267.298095703
4 13 GET 99 312.094970703
4 13 GET 99.9 589.857910156
4 14 PUT 50 194.156005859
4 14 PUT 80 203.235839844
4 14 PUT 90 210.843994141
4 14 PUT 99 282.185058594
4 14 PUT 99.9 541.251220703
4 14 GET 50 188.634033203
4 14 GET 80 197.592041016
4 14 GET 90 203.651123047
4 14 GET 99 261.917724609
4 14 GET 99.9 435.074707031
4 15 PUT 50 269.291992188
4 15 PUT 80 276.841796875
4 15 PUT 90 281.519287109
4 15 PUT 99 400.364746094
4 15 PUT 99.9 719.010009766
4 15 GET 50 262.75390625
4 15 GET 80 270.844970703
4 15 GET 90 275.471191406
4 15 GET 99 389.027099609
4 15 GET 99.9 682.426025391
4 16 PUT 50 269.189941406
4 16 PUT 80 276.959960938
4 16 PUT 90 283.031005859
4 16 PUT 99 375.349853516
4 16 PUT 99.9 738.178955078
4 16 GET 50 262.515136719
4 16 GET 80 270.193115234
4 16 GET 90 275.218017578
4 16 GET 99 393.348876953
4 16 GET 99.9 737.364990234
4 17 PUT 50 40.8779296875
4 17 PUT 80 42.7380371094
4 17 PUT 90 45.6740722656
4 17 PUT 99 65.7758789062
4 17 PUT 99.9 165.948974609
4 17 GET 50 37.244140625
4 17 GET 80 38.2060546875
4 17 GET 90 39.115234375
4 17 GET 99 75.6958007812
4 17 GET 99.9 155.594970703
4 18 PUT 50 11.4040527344
4 18 PUT 80 15.3352050781
4 18 PUT 90 18.7170410156
4 18 PUT 99 36.296875
4 18 PUT 99.9 113.175292969
4 18 GET 50 6.3671875
4 18 GET 80 7.2509765625
4 18 GET 90 8.412109375
4 18 GET 99 34.1037597656
4 18 GET 99.9 71.509765625
5 0 PUT 50 231.961914062
5 0 PUT 80 255.28515625
5 0 PUT 90 272.071289062
5 0 PUT 99 341.009033203
5 0 PUT 99.9 879.841308594
5 0 GET 50 206.178222656
5 0 GET 80 229.885986328
5 0 GET 90 242.005126953
5 0 GET 99 288.377929688
5 0 GET 99.9 1094.5690918
5 1 PUT 50 173.524902344
5 1 PUT 80 193.776123047
5 1 PUT 90 205.907958984
5 1 PUT 99 269.986816406
5 1 PUT 99.9 713.518310547
5 1 GET 50 159.424804688
5 1 GET 80 178.056884766
5 1 GET 90 186.405029297
5 1 GET 99 218.215087891
5 1 GET 99.9 494.885986328
5 2 PUT 50 170.156005859
5 2 PUT 80 184.663085938
5 2 PUT 90 197.905029297
5 2 PUT 99 322.257080078
5 2 PUT 99.9 946.367919922
5 2 GET 50 147.403808594
5 2 GET 80 154.329833984
5 2 GET 90 163.994873047
5 2 GET 99 225.598144531
5 2 GET 99.9 527.913085938
5 3 PUT 50 317.514892578
5 3 PUT 80 331.064941406
5 3 PUT 90 338.080322266
5 3 PUT 99 380.534179688
5 3 PUT 99.9 1329.9621582
5 3 GET 50 298.120117188
5 3 GET 80 305.459960938
5 3 GET 90 311.785888672
5 3 GET 99 338.62109375
5 3 GET 99.9 947.161132812
5 4 PUT 50 117.353759766
5 4 PUT 80 124.115966797
5 4 PUT 90 132.008056641
5 4 PUT 99 165.340087891
5 4 PUT 99.9 321.549804688
5 4 GET 50 106.708007812
5 4 GET 80 111.483154297
5 4 GET 90 113.834960938
5 4 GET 99 146.024169922
5 4 GET 99.9 379.5390625
5 5 PUT 50 49.8481445312
5 5 PUT 80 63.498046875
5 5 PUT 90 75.0588378906
5 5 PUT 99 131.356933594
5 5 PUT 99.9 541.917724609
5 5 GET 50 25.49609375
5 5 GET 80 36.1071777344
5 5 GET 90 43.2697753906
5 5 GET 99 81.7690429688
5 5 GET 99.9 364.233886719
5 6 PUT 50 182.400878906
5 6 PUT 80 197.200927734
5 6 PUT 90 211.100830078
5 6 PUT 99 242.41796875
5 6 PUT 99.9 403.063964844
5 6 GET 50 158.238037109
5 6 GET 80 166.834960938
5 6 GET 90 178.862060547
5 6 GET 99 195.33203125
5 6 GET 99.9 228.51171875
5 7 PUT 50 338.097167969
5 7 PUT 80 354.778076172
5 7 PUT 90 371.031005859
5 7 PUT 99 457.174804688
5 7 PUT 99.9 1644.2121582
5 7 GET 50 315.205810547
5 7 GET 80 329.731933594
5 7 GET 90 341.764892578
5 7 GET 99 406.575927734
5 7 GET 99.9 970.216064453
5 13 PUT 50 201.33984375
5 13 PUT 80 209.004150391
5 13 PUT 90 214.859863281
5 13 PUT 99 313.681152344
5 13 PUT 99.9 655.611816406
5 13 GET 50 197.441162109
5 13 GET 80 203.544677734
5 13 GET 90 210.376220703
5 13 GET 99 268.322998047
5 13 GET 99.9 633.478027344
5 14 PUT 50 143.25390625
5 14 PUT 80 151.049804688
5 14 PUT 90 158.751953125
5 14 PUT 99 259.381835938
5 14 PUT 99.9 509.454833984
5 14 GET 50 138.349121094
5 14 GET 80 144.091064453
5 14 GET 90 151.225097656
5 14 GET 99 215.389892578
5 14 GET 99.9 509.957275391
5 15 PUT 50 237.261962891
5 15 PUT 80 245.250976562
5 15 PUT 90 251.847900391
5 15 PUT 99 334.553955078
5 15 PUT 99.9 902.086914062
5 15 GET 50 232.031005859
5 15 GET 80 238.632080078
5 15 GET 90 246.107177734
5 15 GET 99 306.596923828
5 15 GET 99.9 675.646972656
5 16 PUT 50 245.021240234
5 16 PUT 80 253.497070312
5 16 PUT 90 260.833007812
5 16 PUT 99 353.638916016
5 16 PUT 99.9 880.103027344
5 16 GET 50 239.263916016
5 16 GET 80 246.292236328
5 16 GET 90 254.024902344
5 16 GET 99 312.222167969
5 16 GET 99.9 713.886962891
5 17 PUT 50 73.1650390625
5 17 PUT 80 79.2028808594
5 17 PUT 90 84.6201171875
5 17 PUT 99 138.465820312
5 17 PUT 99.9 319.974121094
5 17 GET 50 68.953125
5 17 GET 80 74.9567871094
5 17 GET 90 79.7238769531
5 17 GET 99 133.913818359
5 17 GET 99.9 224.115722656
5 18 PUT 50 93.7741699219
5 18 PUT 80 99.2741699219
5 18 PUT 90 104.660888672
5 18 PUT 99 136.565917969
5 18 PUT 99.9 345.099121094
5 18 GET 50 88.921875
5 18 GET 80 93.2392578125
5 18 GET 90 98.0187988281
5 18 GET 99 144.172851562
5 18 GET 99.9 329.968994141
6 0 PUT 50 297.239990234
6 0 PUT 80 309.731933594
6 0 PUT 90 317.366943359
6 0 PUT 99 367.322021484
6 0 PUT 99.9 444.217041016
6 0 GET 50 271.007080078
6 0 GET 80 279.733398438
6 0 GET 90 283.833984375
6 0 GET 99 326.287841797
6 0 GET 99.9 360.680908203
6 1 PUT 50 240.065917969
6 1 PUT 80 253.479980469
6 1 PUT 90 261.835205078
6 1 PUT 99 305.638671875
6 1 PUT 99.9 413.558837891
6 1 GET 50 221.362060547
6 1 GET 80 230.018798828
6 1 GET 90 235.233154297
6 1 GET 99 259.685058594
6 1 GET 99.9 308.385986328
6 2 PUT 50 222.302978516
6 2 PUT 80 238.117919922
6 2 PUT 90 246.875
6 2 PUT 99 307.815185547
6 2 PUT 99.9 680.431884766
6 2 GET 50 193.322021484
6 2 GET 80 208.145751953
6 2 GET 90 213.621826172
6 2 GET 99 259.432128906
6 2 GET 99.9 428.648925781
6 3 PUT 50 387.233886719
6 3 PUT 80 402.0
6 3 PUT 90 410.732910156
6 3 PUT 99 454.285888672
6 3 PUT 99.9 586.411865234
6 3 GET 50 366.531005859
6 3 GET 80 374.933105469
6 3 GET 90 378.889892578
6 3 GET 99 412.218261719
6 3 GET 99.9 497.444824219
6 4 PUT 50 230.372314453
6 4 PUT 80 239.614990234
6 4 PUT 90 248.197021484
6 4 PUT 99 284.467773438
6 4 PUT 99.9 464.732177734
6 4 GET 50 216.905029297
6 4 GET 80 222.986083984
6 4 GET 90 225.135009766
6 4 GET 99 252.270019531
6 4 GET 99.9 428.496826172
6 5 PUT 50 182.400878906
6 5 PUT 80 197.200927734
6 5 PUT 90 211.100830078
6 5 PUT 99 242.41796875
6 5 PUT 99.9 403.063964844
6 5 GET 50 158.238037109
6 5 GET 80 166.834960938
6 5 GET 90 178.862060547
6 5 GET 99 195.33203125
6 5 GET 99.9 228.51171875
6 6 PUT 50 43.9582519531
6 6 PUT 80 51.7189941406
6 6 PUT 90 57.7868652344
6 6 PUT 99 90.1928710938
6 6 PUT 99.9 203.583007812
6 6 GET 50 14.9001464844
6 6 GET 80 17.1079101562
6 6 GET 90 22.4221191406
6 6 GET 99 40.0249023438
6 6 GET 99.9 105.322998047
6 7 PUT 50 387.182128906
6 7 PUT 80 425.018066406
6 7 PUT 90 438.179931641
6 7 PUT 99 480.036132812
6 7 PUT 99.9 1032.22290039
6 7 GET 50 357.756103516
6 7 GET 80 399.299072266
6 7 GET 90 407.383300781
6 7 GET 99 436.763916016
6 7 GET 99.9 473.062988281
6 13 PUT 50 236.8359375
6 13 PUT 80 271.859863281
6 13 PUT 90 276.5546875
6 13 PUT 99 366.350097656
6 13 PUT 99.9 699.594970703
6 13 GET 50 230.409912109
6 13 GET 80 267.891845703
6 13 GET 90 269.910888672
6 13 GET 99 321.889160156
6 13 GET 99.9 695.031005859
6 14 PUT 50 215.801025391
6 14 PUT 80 220.054199219
6 14 PUT 90 228.375976562
6 14 PUT 99 310.451171875
6 14 PUT 99.9 439.522949219
6 14 GET 50 211.732910156
6 14 GET 80 214.455078125
6 14 GET 90 221.602783203
6 14 GET 99 287.943115234
6 14 GET 99.9 503.127929688
6 15 PUT 50 352.859863281
6 15 PUT 80 357.473876953
6 15 PUT 90 366.213867188
6 15 PUT 99 451.861083984
6 15 PUT 99.9 642.588134766
6 15 GET 50 348.190917969
6 15 GET 80 350.748046875
6 15 GET 90 360.075927734
6 15 GET 99 418.502197266
6 15 GET 99.9 725.605957031
6 16 PUT 50 350.914794922
6 16 PUT 80 356.760986328
6 16 PUT 90 365.672119141
6 16 PUT 99 438.670898438
6 16 PUT 99.9 616.569091797
6 16 GET 50 345.735107422
6 16 GET 80 349.663085938
6 16 GET 90 357.951904297
6 16 GET 99 432.133789062
6 16 GET 99.9 537.16015625
6 17 PUT 50 163.189941406
6 17 PUT 80 165.943847656
6 17 PUT 90 171.821777344
6 17 PUT 99 204.726074219
6 17 PUT 99.9 316.413818359
6 17 GET 50 159.114990234
6 17 GET 80 161.041015625
6 17 GET 90 167.7578125
6 17 GET 99 183.462890625
6 17 GET 99.9 288.202880859
6 18 PUT 50 167.519287109
6 18 PUT 80 173.761962891
6 18 PUT 90 183.572021484
6 18 PUT 99 213.517089844
6 18 PUT 99.9 337.853759766
6 18 GET 50 162.452880859
6 18 GET 80 165.478027344
6 18 GET 90 178.094238281
6 18 GET 99 212.622070312
6 18 GET 99.9 295.552001953
7 0 PUT 50 183.578857422
7 0 PUT 80 196.678222656
7 0 PUT 90 207.892822266
7 0 PUT 99 417.887939453
7 0 PUT 99.9 1109.46484375
7 0 GET 50 162.897949219
7 0 GET 80 173.571044922
7 0 GET 90 180.463134766
7 0 GET 99 261.566162109
7 0 GET 99.9 1464.62207031
7 1 PUT 50 241.015136719
7 1 PUT 80 255.597900391
7 1 PUT 90 264.287109375
7 1 PUT 99 423.880859375
7 1 PUT 99.9 1619.07104492
7 1 GET 50 225.843017578
7 1 GET 80 236.973144531
7 1 GET 90 246.16015625
7 1 GET 99 265.831054688
7 1 GET 99.9 665.138916016
7 2 PUT 50 242.413085938
7 2 PUT 80 260.137939453
7 2 PUT 90 278.944091797
7 2 PUT 99 431.907958984
7 2 PUT 99.9 1274.32714844
7 2 GET 50 223.105957031
7 2 GET 80 235.325683594
7 2 GET 90 249.480957031
7 2 GET 99 417.021972656
7 2 GET 99.9 1246.28686523
7 3 PUT 50 262.064941406
7 3 PUT 80 277.057861328
7 3 PUT 90 286.702148438
7 3 PUT 99 336.706787109
7 3 PUT 99.9 715.961914062
7 3 GET 50 244.19921875
7 3 GET 80 255.546142578
7 3 GET 90 261.024902344
7 3 GET 99 296.548339844
7 3 GET 99.9 462.163085938
7 4 PUT 50 393.724853516
7 4 PUT 80 404.811035156
7 4 PUT 90 410.978027344
7 4 PUT 99 443.897949219
7 4 PUT 99.9 609.845214844
7 4 GET 50 382.171142578
7 4 GET 80 391.764892578
7 4 GET 90 397.328125
7 4 GET 99 429.944091797
7 4 GET 99.9 1017.89599609
7 5 PUT 50 338.097167969
7 5 PUT 80 354.778076172
7 5 PUT 90 371.031005859
7 5 PUT 99 457.174804688
7 5 PUT 99.9 1644.2121582
7 5 GET 50 315.205810547
7 5 GET 80 329.731933594
7 5 GET 90 341.764892578
7 5 GET 99 406.575927734
7 5 GET 99.9 970.216064453
7 6 PUT 50 387.182128906
7 6 PUT 80 425.018066406
7 6 PUT 90 438.179931641
7 6 PUT 99 480.036132812
7 6 PUT 99.9 1032.22290039
7 6 GET 50 357.756103516
7 6 GET 80 399.299072266
7 6 GET 90 407.383300781
7 6 GET 99 436.763916016
7 6 GET 99.9 473.062988281
7 7 PUT 50 40.1247558594
7 7 PUT 80 51.2490234375
7 7 PUT 90 58.4870605469
7 7 PUT 99 153.219970703
7 7 PUT 99.9 698.553710938
7 7 GET 50 20.662109375
7 7 GET 80 24.7651367188
7 7 GET 90 28.9636230469
7 7 GET 99 91.1311035156
7 7 GET 99.9 654.258056641
7 13 PUT 50 155.447021484
7 13 PUT 80 160.030273438
7 13 PUT 90 166.992919922
7 13 PUT 99 293.275878906
7 13 PUT 99.9 545.472900391
7 13 GET 50 151.152832031
7 13 GET 80 155.546875
7 13 GET 90 160.244140625
7 13 GET 99 254.170898438
7 13 GET 99.9 609.324951172
7 14 PUT 50 202.009033203
7 14 PUT 80 214.805664062
7 14 PUT 90 239.994873047
7 14 PUT 99 326.788085938
7 14 PUT 99.9 683.578125
7 14 GET 50 196.621826172
7 14 GET 80 207.645019531
7 14 GET 90 233.952880859
7 14 GET 99 318.424072266
7 14 GET 99.9 681.059082031
7 15 PUT 50 235.036132812
7 15 PUT 80 241.704101562
7 15 PUT 90 245.877929688
7 15 PUT 99 320.983886719
7 15 PUT 99.9 709.861083984
7 15 GET 50 230.063232422
7 15 GET 80 236.782958984
7 15 GET 90 241.295898438
7 15 GET 99 332.558837891
7 15 GET 99.9 635.638916016
7 16 PUT 50 248.515869141
7 16 PUT 80 258.373046875
7 16 PUT 90 263.667236328
7 16 PUT 99 340.346191406
7 16 PUT 99.9 730.696044922
7 16 GET 50 242.922119141
7 16 GET 80 252.964111328
7 16 GET 90 258.018798828
7 16 GET 99 331.172119141
7 16 GET 99.9 676.264160156
7 17 PUT 50 394.238037109
7 17 PUT 80 434.101318359
7 17 PUT 90 448.206298828
7 17 PUT 99 504.971923828
7 17 PUT 99.9 1042.4453125
7 17 GET 50 390.645996094
7 17 GET 80 429.512939453
7 17 GET 90 443.855224609
7 17 GET 99 502.187988281
7 17 GET 99.9 1067.5300293
7 18 PUT 50 399.116943359
7 18 PUT 80 438.576904297
7 18 PUT 90 449.936035156
7 18 PUT 99 500.485107422
7 18 PUT 99.9 668.517089844
7 18 GET 50 392.583251953
7 18 GET 80 432.403076172
7 18 GET 90 443.670898438
7 18 GET 99 494.794677734
7 18 GET 99.9 677.469970703
13 0 PUT 50 9.45703125
13 0 PUT 80 11.3681640625
13 0 PUT 90 14.0412597656
13 0 PUT 99 33.6860351562
13 0 PUT 99.9 157.134033203
13 0 GET 50 5.94604492188
13 0 GET 80 6.7119140625
13 0 GET 90 7.7431640625
13 0 GET 99 32.3942871094
13 0 GET 99.9 203.111816406
13 1 PUT 50 85.7907714844
13 1 PUT 80 88.287109375
13 1 PUT 90 92.4958496094
13 1 PUT 99 166.456054688
13 1 PUT 99.9 451.80078125
13 1 GET 50 82.0510253906
13 1 GET 80 83.1560058594
13 1 GET 90 84.9379882812
13 1 GET 99 124.937255859
13 1 GET 99.9 368.592041016
13 2 PUT 50 75.6372070312
13 2 PUT 80 78.0439453125
13 2 PUT 90 81.8039550781
13 2 PUT 99 161.790283203
13 2 PUT 99.9 392.706787109
13 2 GET 50 71.7958984375
13 2 GET 80 72.8798828125
13 2 GET 90 74.6049804688
13 2 GET 99 156.220703125
13 2 GET 99.9 421.174072266
13 3 PUT 50 85.9072265625
13 3 PUT 80 88.3972167969
13 3 PUT 90 92.2590332031
13 3 PUT 99 165.788085938
13 3 PUT 99.9 485.615234375
13 3 GET 50 82.2080078125
13 3 GET 80 83.2849121094
13 3 GET 90 85.5498046875
13 3 GET 99 130.175048828
13 3 GET 99.9 364.978271484
13 4 PUT 50 255.762939453
13 4 PUT 80 264.541259766
13 4 PUT 90 271.492919922
13 4 PUT 99 340.272216797
13 4 PUT 99.9 666.402099609
13 4 GET 50 251.849853516
13 4 GET 80 260.356933594
13 4 GET 90 267.298095703
13 4 GET 99 312.094970703
13 4 GET 99.9 589.857910156
13 5 PUT 50 201.33984375
13 5 PUT 80 209.004150391
13 5 PUT 90 214.859863281
13 5 PUT 99 313.681152344
13 5 PUT 99.9 655.611816406
13 5 GET 50 197.441162109
13 5 GET 80 203.544677734
13 5 GET 90 210.376220703
13 5 GET 99 268.322998047
13 5 GET 99.9 633.478027344
13 6 PUT 50 236.8359375
13 6 PUT 80 271.859863281
13 6 PUT 90 276.5546875
13 6 PUT 99 366.350097656
13 6 PUT 99.9 699.594970703
13 6 GET 50 230.409912109
13 6 GET 80 267.891845703
13 6 GET 90 269.910888672
13 6 GET 99 321.889160156
13 6 GET 99.9 695.031005859
13 7 PUT 50 155.447021484
13 7 PUT 80 160.030273438
13 7 PUT 90 166.992919922
13 7 PUT 99 293.275878906
13 7 PUT 99.9 545.472900391
13 7 GET 50 151.152832031
13 7 GET 80 155.546875
13 7 GET 90 160.244140625
13 7 GET 99 254.170898438
13 7 GET 99.9 609.324951172
13 13 PUT 50 8.93920898438
13 13 PUT 80 10.8776855469
13 13 PUT 90 13.2609863281
13 13 PUT 99 33.2270507812
13 13 PUT 99.9 229.162841797
13 13 GET 50 5.13598632812
13 13 GET 80 6.2001953125
13 13 GET 90 7.18530273438
13 13 GET 99 24.1750488281
13 13 GET 99.9 271.864257812
13 14 PUT 50 72.9689941406
13 14 PUT 80 75.3811035156
13 14 PUT 90 78.8359375
13 14 PUT 99 147.776123047
13 14 PUT 99.9 438.902099609
13 14 GET 50 69.041015625
13 14 GET 80 70.3850097656
13 14 GET 90 72.0280761719
13 14 GET 99 155.564941406
13 14 GET 99.9 511.545898438
13 15 PUT 50 91.3291015625
13 15 PUT 80 93.8000488281
13 15 PUT 90 97.4951171875
13 15 PUT 99 140.138916016
13 15 PUT 99.9 410.452148438
13 15 GET 50 87.2277832031
13 15 GET 80 88.5688476562
13 15 GET 90 90.1062011719
13 15 GET 99 148.732910156
13 15 GET 99.9 472.954833984
13 16 PUT 50 96.7019042969
13 16 PUT 80 105.424804688
13 16 PUT 90 112.684082031
13 16 PUT 99 169.257080078
13 16 PUT 99.9 523.353027344
13 16 GET 50 91.7668457031
13 16 GET 80 100.204101562
13 16 GET 90 107.315917969
13 16 GET 99 170.779052734
13 16 GET 99.9 465.867919922
13 17 PUT 50 217.908935547
13 17 PUT 80 220.047851562
13 17 PUT 90 222.864013672
13 17 PUT 99 250.848876953
13 17 PUT 99.9 614.650878906
13 17 GET 50 213.780761719
13 17 GET 80 215.017089844
13 17 GET 90 216.200195312
13 17 GET 99 259.885986328
13 17 GET 99.9 615.2109375
13 18 PUT 50 248.630126953
13 18 PUT 80 251.927246094
13 18 PUT 90 257.568115234
13 18 PUT 99 292.502929688
13 18 PUT 99.9 650.689697266
13 18 GET 50 244.328125
13 18 GET 80 245.604003906
13 18 GET 90 247.134033203
13 18 GET 99 292.838867188
13 18 GET 99.9 649.541259766
14 0 PUT 50 74.0849609375
14 0 PUT 80 79.2429199219
14 0 PUT 90 85.8701171875
14 0 PUT 99 172.837890625
14 0 PUT 99.9 357.427246094
14 0 GET 50 69.5900878906
14 0 GET 80 71.548828125
14 0 GET 90 75.9060058594
14 0 GET 99 131.713867188
14 0 GET 99.9 297.228027344
14 1 PUT 50 32.7497558594
14 1 PUT 80 36.4389648438
14 1 PUT 90 42.3918457031
14 1 PUT 99 82.1279296875
14 1 PUT 99.9 169.79296875
14 1 GET 50 28.5151367188
14 1 GET 80 30.0217285156
14 1 GET 90 32.8127441406
14 1 GET 99 72.341796875
14 1 GET 99.9 206.529052734
14 2 PUT 50 13.3349609375
14 2 PUT 80 17.0908203125
14 2 PUT 90 22.0202636719
14 2 PUT 99 63.3149414062
14 2 PUT 99.9 243.671875
14 2 GET 50 8.98388671875
14 2 GET 80 10.3110351562
14 2 GET 90 12.515625
14 2 GET 99 54.0349121094
14 2 GET 99.9 170.851074219
14 3 PUT 50 152.101074219
14 3 PUT 80 156.912841797
14 3 PUT 90 163.588134766
14 3 PUT 99 234.031005859
14 3 PUT 99.9 415.072021484
14 3 GET 50 146.713867188
14 3 GET 80 150.089111328
14 3 GET 90 154.262207031
14 3 GET 99 189.982910156
14 3 GET 99.9 503.190917969
14 4 PUT 50 194.156005859
14 4 PUT 80 203.235839844
14 4 PUT 90 210.843994141
14 4 PUT 99 282.185058594
14 4 PUT 99.9 541.251220703
14 4 GET 50 188.634033203
14 4 GET 80 197.592041016
14 4 GET 90 203.651123047
14 4 GET 99 261.917724609
14 4 GET 99.9 435.074707031
14 5 PUT 50 143.25390625
14 5 PUT 80 151.049804688
14 5 PUT 90 158.751953125
14 5 PUT 99 259.381835938
14 5 PUT 99.9 509.454833984
14 5 GET 50 138.349121094
14 5 GET 80 144.091064453
14 5 GET 90 151.225097656
14 5 GET 99 215.389892578
14 5 GET 99.9 509.957275391
14 6 PUT 50 215.801025391
14 6 PUT 80 220.054199219
14 6 PUT 90 228.375976562
14 6 PUT 99 310.451171875
14 6 PUT 99.9 439.522949219
14 6 GET 50 211.732910156
14 6 GET 80 214.455078125
14 6 GET 90 221.602783203
14 6 GET 99 287.943115234
14 6 GET 99.9 503.127929688
14 7 PUT 50 202.009033203
14 7 PUT 80 214.805664062
14 7 PUT 90 239.994873047
14 7 PUT 99 326.788085938
14 7 PUT 99.9 683.578125
14 7 GET 50 196.621826172
14 7 GET 80 207.645019531
14 7 GET 90 233.952880859
14 7 GET 99 318.424072266
14 7 GET 99.9 681.059082031
14 13 PUT 50 72.9689941406
14 13 PUT 80 75.3811035156
14 13 PUT 90 78.8359375
14 13 PUT 99 147.776123047
14 13 PUT 99.9 438.902099609
14 13 GET 50 69.041015625
14 13 GET 80 70.3850097656
14 13 GET 90 72.0280761719
14 13 GET 99 155.564941406
14 13 GET 99.9 511.545898438
14 14 PUT 50 9.90307617188
14 14 PUT 80 13.3200683594
14 14 PUT 90 17.8500976562
14 14 PUT 99 55.3439941406
14 14 PUT 99.9 213.050292969
14 14 GET 50 5.52197265625
14 14 GET 80 7.24194335938
14 14 GET 90 8.79516601562
14 14 GET 99 40.0458984375
14 14 GET 99.9 190.163085938
14 15 PUT 50 155.669921875
14 15 PUT 80 160.757080078
14 15 PUT 90 165.923828125
14 15 PUT 99 220.833984375
14 15 PUT 99.9 494.583251953
14 15 GET 50 150.716064453
14 15 GET 80 152.763916016
14 15 GET 90 155.595947266
14 15 GET 99 216.572021484
14 15 GET 99.9 483.599121094
14 16 PUT 50 154.049072266
14 16 PUT 80 160.737060547
14 16 PUT 90 167.115966797
14 16 PUT 99 234.151123047
14 16 PUT 99.9 475.049072266
14 16 GET 50 148.528076172
14 16 GET 80 153.287109375
14 16 GET 90 157.348876953
14 16 GET 99 225.473144531
14 16 GET 99.9 549.278808594
14 17 PUT 50 155.120117188
14 17 PUT 80 157.380126953
14 17 PUT 90 160.380859375
14 17 PUT 99 191.104736328
14 17 PUT 99.9 371.155029297
14 17 GET 50 151.013916016
14 17 GET 80 152.299316406
14 17 GET 90 153.611083984
14 17 GET 99 207.473144531
14 17 GET 99.9 558.518798828
14 18 PUT 50 186.486816406
14 18 PUT 80 190.108886719
14 18 PUT 90 194.356933594
14 18 PUT 99 220.090087891
14 18 PUT 99.9 523.691894531
14 18 GET 50 181.491699219
14 18 GET 80 182.953857422
14 18 GET 90 184.80078125
14 18 GET 99 227.603027344
14 18 GET 99.9 543.705078125
15 0 PUT 50 101.703369141
15 0 PUT 80 106.079833984
15 0 PUT 90 110.5390625
15 0 PUT 99 161.319091797
15 0 PUT 99.9 482.009033203
15 0 GET 50 96.1689453125
15 0 GET 80 98.7229003906
15 0 GET 90 102.250976562
15 0 GET 99 168.934326172
15 0 GET 99.9 409.338134766
15 1 PUT 50 168.937988281
15 1 PUT 80 172.841064453
15 1 PUT 90 177.53515625
15 1 PUT 99 244.974853516
15 1 PUT 99.9 586.648925781
15 1 GET 50 163.883056641
15 1 GET 80 165.580078125
15 1 GET 90 170.151855469
15 1 GET 99 226.807128906
15 1 GET 99.9 484.050048828
15 2 PUT 50 160.986083984
15 2 PUT 80 165.247070312
15 2 PUT 90 170.104003906
15 2 PUT 99 242.643310547
15 2 PUT 99.9 544.125244141
15 2 GET 50 155.594238281
15 2 GET 80 157.379882812
15 2 GET 90 161.108886719
15 2 GET 99 241.982177734
15 2 GET 99.9 478.193847656
15 3 PUT 50 29.9919433594
15 3 PUT 80 33.0500488281
15 3 PUT 90 37.6311035156
15 3 PUT 99 73.4108886719
15 3 PUT 99.9 274.328857422
15 3 GET 50 25.7043457031
15 3 GET 80 26.9191894531
15 3 GET 90 28.8830566406
15 3 GET 99 71.7639160156
15 3 GET 99.9 248.931884766
15 4 PUT 50 269.291992188
15 4 PUT 80 276.841796875
15 4 PUT 90 281.519287109
15 4 PUT 99 400.364746094
15 4 PUT 99.9 719.010009766
15 4 GET 50 262.75390625
15 4 GET 80 270.844970703
15 4 GET 90 275.471191406
15 4 GET 99 389.027099609
15 4 GET 99.9 682.426025391
15 5 PUT 50 237.261962891
15 5 PUT 80 245.250976562
15 5 PUT 90 251.847900391
15 5 PUT 99 334.553955078
15 5 PUT 99.9 902.086914062
15 5 GET 50 232.031005859
15 5 GET 80 238.632080078
15 5 GET 90 246.107177734
15 5 GET 99 306.596923828
15 5 GET 99.9 675.646972656
15 6 PUT 50 352.859863281
15 6 PUT 80 357.473876953
15 6 PUT 90 366.213867188
15 6 PUT 99 451.861083984
15 6 PUT 99.9 642.588134766
15 6 GET 50 348.190917969
15 6 GET 80 350.748046875
15 6 GET 90 360.075927734
15 6 GET 99 418.502197266
15 6 GET 99.9 725.605957031
15 7 PUT 50 235.036132812
15 7 PUT 80 241.704101562
15 7 PUT 90 245.877929688
15 7 PUT 99 320.983886719
15 7 PUT 99.9 709.861083984
15 7 GET 50 230.063232422
15 7 GET 80 236.782958984
15 7 GET 90 241.295898438
15 7 GET 99 332.558837891
15 7 GET 99.9 635.638916016
15 13 PUT 50 91.3291015625
15 13 PUT 80 93.8000488281
15 13 PUT 90 97.4951171875
15 13 PUT 99 140.138916016
15 13 PUT 99.9 410.452148438
15 13 GET 50 87.2277832031
15 13 GET 80 88.5688476562
15 13 GET 90 90.1062011719
15 13 GET 99 148.732910156
15 13 GET 99.9 472.954833984
15 14 PUT 50 155.669921875
15 14 PUT 80 160.757080078
15 14 PUT 90 165.923828125
15 14 PUT 99 220.833984375
15 14 PUT 99.9 494.583251953
15 14 GET 50 150.716064453
15 14 GET 80 152.763916016
15 14 GET 90 155.595947266
15 14 GET 99 216.572021484
15 14 GET 99.9 483.599121094
15 15 PUT 50 9.5859375
15 15 PUT 80 12.3039550781
15 15 PUT 90 16.5900878906
15 15 PUT 99 40.3139648438
15 15 PUT 99.9 327.273193359
15 15 GET 50 5.02587890625
15 15 GET 80 6.2080078125
15 15 GET 90 7.24682617188
15 15 GET 99 31.2958984375
15 15 GET 99.9 247.630126953
15 16 PUT 50 28.9379882812
15 16 PUT 80 32.1240234375
15 16 PUT 90 37.0400390625
15 16 PUT 99 65.2080078125
15 16 PUT 99.9 278.382080078
15 16 GET 50 24.3249511719
15 16 GET 80 25.5402832031
15 16 GET 90 27.0197753906
15 16 GET 99 74.6491699219
15 16 GET 99.9 247.864013672
15 17 PUT 50 299.497070312
15 17 PUT 80 301.781005859
15 17 PUT 90 305.283935547
15 17 PUT 99 337.444091797
15 17 PUT 99.9 549.562011719
15 17 GET 50 295.172851562
15 17 GET 80 296.576904297
15 17 GET 90 297.567138672
15 17 GET 99 337.799072266
15 17 GET 99.9 605.097900391
15 18 PUT 50 331.494140625
15 18 PUT 80 335.046875
15 18 PUT 90 339.543212891
15 18 PUT 99 377.147216797
15 18 PUT 99.9 667.004882812
15 18 GET 50 326.386962891
15 18 GET 80 327.855712891
15 18 GET 90 329.190917969
15 18 GET 99 375.889892578
15 18 GET 99.9 615.030029297
16 0 PUT 50 94.7509765625
16 0 PUT 80 100.321044922
16 0 PUT 90 106.032226562
16 0 PUT 99 172.450927734
16 0 PUT 99.9 386.988037109
16 0 GET 50 88.5322265625
16 0 GET 80 92.3020019531
16 0 GET 90 98.369140625
16 0 GET 99 171.524902344
16 0 GET 99.9 335.026855469
16 1 PUT 50 168.91015625
16 1 PUT 80 174.600097656
16 1 PUT 90 179.992919922
16 1 PUT 99 251.129150391
16 1 PUT 99.9 453.598144531
16 1 GET 50 163.309814453
16 1 GET 80 167.29296875
16 1 GET 90 172.635009766
16 1 GET 99 207.024902344
16 1 GET 99.9 463.179931641
16 2 PUT 50 161.95703125
16 2 PUT 80 167.768798828
16 2 PUT 90 174.486328125
16 2 PUT 99 266.67578125
16 2 PUT 99.9 656.354980469
16 2 GET 50 155.712890625
16 2 GET 80 159.024902344
16 2 GET 90 165.192871094
16 2 GET 99 248.492919922
16 2 GET 99.9 454.409179688
16 3 PUT 50 10.9111328125
16 3 PUT 80 14.958984375
16 3 PUT 90 19.6208496094
16 3 PUT 99 52.7392578125
16 3 PUT 99.9 154.318115234
16 3 GET 50 6.47387695312
16 3 GET 80 7.56787109375
16 3 GET 90 9.86010742188
16 3 GET 99 47.54296875
16 3 GET 99.9 122.878173828
16 4 PUT 50 269.189941406
16 4 PUT 80 276.959960938
16 4 PUT 90 283.031005859
16 4 PUT 99 375.349853516
16 4 PUT 99.9 738.178955078
16 4 GET 50 262.515136719
16 4 GET 80 270.193115234
16 4 GET 90 275.218017578
16 4 GET 99 393.348876953
16 4 GET 99.9 737.364990234
16 5 PUT 50 245.021240234
16 5 PUT 80 253.497070312
16 5 PUT 90 260.833007812
16 5 PUT 99 353.638916016
16 5 PUT 99.9 880.103027344
16 5 GET 50 239.263916016
16 5 GET 80 246.292236328
16 5 GET 90 254.024902344
16 5 GET 99 312.222167969
16 5 GET 99.9 713.886962891
16 6 PUT 50 350.914794922
16 6 PUT 80 356.760986328
16 6 PUT 90 365.672119141
16 6 PUT 99 438.670898438
16 6 PUT 99.9 616.569091797
16 6 GET 50 345.735107422
16 6 GET 80 349.663085938
16 6 GET 90 357.951904297
16 6 GET 99 432.133789062
16 6 GET 99.9 537.16015625
16 7 PUT 50 248.515869141
16 7 PUT 80 258.373046875
16 7 PUT 90 263.667236328
16 7 PUT 99 340.346191406
16 7 PUT 99.9 730.696044922
16 7 GET 50 242.922119141
16 7 GET 80 252.964111328
16 7 GET 90 258.018798828
16 7 GET 99 331.172119141
16 7 GET 99.9 676.264160156
16 13 PUT 50 96.7019042969
16 13 PUT 80 105.424804688
16 13 PUT 90 112.684082031
16 13 PUT 99 169.257080078
16 13 PUT 99.9 523.353027344
16 13 GET 50 91.7668457031
16 13 GET 80 100.204101562
16 13 GET 90 107.315917969
16 13 GET 99 170.779052734
16 13 GET 99.9 465.867919922
16 14 PUT 50 154.049072266
16 14 PUT 80 160.737060547
16 14 PUT 90 167.115966797
16 14 PUT 99 234.151123047
16 14 PUT 99.9 475.049072266
16 14 GET 50 148.528076172
16 14 GET 80 153.287109375
16 14 GET 90 157.348876953
16 14 GET 99 225.473144531
16 14 GET 99.9 549.278808594
16 15 PUT 50 28.9379882812
16 15 PUT 80 32.1240234375
16 15 PUT 90 37.0400390625
16 15 PUT 99 65.2080078125
16 15 PUT 99.9 278.382080078
16 15 GET 50 24.3249511719
16 15 GET 80 25.5402832031
16 15 GET 90 27.0197753906
16 15 GET 99 74.6491699219
16 15 GET 99.9 247.864013672
16 16 PUT 50 9.72412109375
16 16 PUT 80 13.666015625
16 16 PUT 90 18.7978515625
16 16 PUT 99 48.4431152344
16 16 PUT 99.9 338.802978516
16 16 GET 50 4.92797851562
16 16 GET 80 6.2548828125
16 16 GET 90 7.69995117188
16 16 GET 99 44.8527832031
16 16 GET 99.9 313.480957031
16 17 PUT 50 292.601074219
16 17 PUT 80 295.670166016
16 17 PUT 90 299.350097656
16 17 PUT 99 339.003662109
16 17 PUT 99.9 582.187744141
16 17 GET 50 288.328125
16 17 GET 80 289.755126953
16 17 GET 90 291.286865234
16 17 GET 99 345.673095703
16 17 GET 99.9 655.033203125
16 18 PUT 50 322.020996094
16 18 PUT 80 325.827880859
16 18 PUT 90 330.064208984
16 18 PUT 99 365.324951172
16 18 PUT 99.9 683.864990234
16 18 GET 50 317.146728516
16 18 GET 80 318.75
16 18 GET 90 320.683837891
16 18 GET 99 361.233886719
16 18 GET 99.9 522.391845703
17 0 PUT 50 240.771972656
17 0 PUT 80 245.109863281
17 0 PUT 90 247.845947266
17 0 PUT 99 295.963134766
17 0 PUT 99.9 677.303222656
17 0 GET 50 236.600097656
17 0 GET 80 241.181152344
17 0 GET 90 242.473144531
17 0 GET 99 299.225097656
17 0 GET 99.9 393.66015625
17 1 PUT 50 199.870849609
17 1 PUT 80 205.560058594
17 1 PUT 90 209.791015625
17 1 PUT 99 248.633789062
17 1 PUT 99.9 405.257080078
17 1 GET 50 195.533203125
17 1 GET 80 201.129882812
17 1 GET 90 203.861816406
17 1 GET 99 248.551757812
17 1 GET 99.9 364.374755859
17 2 PUT 50 171.561035156
17 2 PUT 80 174.015869141
17 2 PUT 90 180.246337891
17 2 PUT 99 217.997802734
17 2 PUT 99.9 338.912841797
17 2 GET 50 167.541992188
17 2 GET 80 169.277832031
17 2 GET 90 174.118164062
17 2 GET 99 222.341064453
17 2 GET 99.9 325.233886719
17 3 PUT 50 274.826904297
17 3 PUT 80 281.170898438
17 3 PUT 90 284.21484375
17 3 PUT 99 353.479003906
17 3 PUT 99.9 792.329101562
17 3 GET 50 270.450195312
17 3 GET 80 277.188964844
17 3 GET 90 280.027832031
17 3 GET 99 331.456787109
17 3 GET 99.9 768.121826172
17 4 PUT 50 40.8779296875
17 4 PUT 80 42.7380371094
17 4 PUT 90 45.6740722656
17 4 PUT 99 65.7758789062
17 4 PUT 99.9 165.948974609
17 4 GET 50 37.244140625
17 4 GET 80 38.2060546875
17 4 GET 90 39.115234375
17 4 GET 99 75.6958007812
17 4 GET 99.9 155.594970703
17 5 PUT 50 73.1650390625
17 5 PUT 80 79.2028808594
17 5 PUT 90 84.6201171875
17 5 PUT 99 138.465820312
17 5 PUT 99.9 319.974121094
17 5 GET 50 68.953125
17 5 GET 80 74.9567871094
17 5 GET 90 79.7238769531
17 5 GET 99 133.913818359
17 5 GET 99.9 224.115722656
17 6 PUT 50 163.189941406
17 6 PUT 80 165.943847656
17 6 PUT 90 171.821777344
17 6 PUT 99 204.726074219
17 6 PUT 99.9 316.413818359
17 6 GET 50 159.114990234
17 6 GET 80 161.041015625
17 6 GET 90 167.7578125
17 6 GET 99 183.462890625
17 6 GET 99.9 288.202880859
17 7 PUT 50 394.238037109
17 7 PUT 80 434.101318359
17 7 PUT 90 448.206298828
17 7 PUT 99 504.971923828
17 7 PUT 99.9 1042.4453125
17 7 GET 50 390.645996094
17 7 GET 80 429.512939453
17 7 GET 90 443.855224609
17 7 GET 99 502.187988281
17 7 GET 99.9 1067.5300293
17 13 PUT 50 217.908935547
17 13 PUT 80 220.047851562
17 13 PUT 90 222.864013672
17 13 PUT 99 250.848876953
17 13 PUT 99.9 614.650878906
17 13 GET 50 213.780761719
17 13 GET 80 215.017089844
17 13 GET 90 216.200195312
17 13 GET 99 259.885986328
17 13 GET 99.9 615.2109375
17 14 PUT 50 155.120117188
17 14 PUT 80 157.380126953
17 14 PUT 90 160.380859375
17 14 PUT 99 191.104736328
17 14 PUT 99.9 371.155029297
17 14 GET 50 151.013916016
17 14 GET 80 152.299316406
17 14 GET 90 153.611083984
17 14 GET 99 207.473144531
17 14 GET 99.9 558.518798828
17 15 PUT 50 299.497070312
17 15 PUT 80 301.781005859
17 15 PUT 90 305.283935547
17 15 PUT 99 337.444091797
17 15 PUT 99.9 549.562011719
17 15 GET 50 295.172851562
17 15 GET 80 296.576904297
17 15 GET 90 297.567138672
17 15 GET 99 337.799072266
17 15 GET 99.9 605.097900391
17 16 PUT 50 292.601074219
17 16 PUT 80 295.670166016
17 16 PUT 90 299.350097656
17 16 PUT 99 339.003662109
17 16 PUT 99.9 582.187744141
17 16 GET 50 288.328125
17 16 GET 80 289.755126953
17 16 GET 90 291.286865234
17 16 GET 99 345.673095703
17 16 GET 99.9 655.033203125
17 17 PUT 50 8.29565429688
17 17 PUT 80 10.3469238281
17 17 PUT 90 12.8032226562
17 17 PUT 99 25.5319824219
17 17 PUT 99.9 437.187011719
17 17 GET 50 4.60986328125
17 17 GET 80 5.39819335938
17 17 GET 90 6.4091796875
17 17 GET 99 22.5026855469
17 17 GET 99.9 379.552978516
17 18 PUT 50 40.0100097656
17 18 PUT 80 42.1530761719
17 18 PUT 90 45.0593261719
17 18 PUT 99 63.2258300781
17 18 PUT 99.9 290.909912109
17 18 GET 50 36.046875
17 18 GET 80 37.1760253906
17 18 GET 90 38.1828613281
17 18 GET 99 65.8408203125
17 18 GET 99.9 238.201904297
18 0 PUT 50 262.352050781
18 0 PUT 80 266.427978516
18 0 PUT 90 270.460205078
18 0 PUT 99 304.655029297
18 0 PUT 99.9 416.781005859
18 0 GET 50 257.346923828
18 0 GET 80 259.360839844
18 0 GET 90 262.486816406
18 0 GET 99 308.800048828
18 0 GET 99.9 422.044189453
18 1 PUT 50 213.84375
18 1 PUT 80 218.200927734
18 1 PUT 90 221.664794922
18 1 PUT 99 258.671875
18 1 PUT 99.9 355.816162109
18 1 GET 50 208.704101562
18 1 GET 80 211.083984375
18 1 GET 90 214.838867188
18 1 GET 99 258.452880859
18 1 GET 99.9 319.958007812
18 2 PUT 50 193.634033203
18 2 PUT 80 198.781005859
18 2 PUT 90 202.199951172
18 2 PUT 99 230.497070312
18 2 PUT 99.9 414.162841797
18 2 GET 50 188.370117188
18 2 GET 80 190.351074219
18 2 GET 90 195.857910156
18 2 GET 99 236.624023438
18 2 GET 99.9 340.669921875
18 3 PUT 50 285.131103516
18 3 PUT 80 291.827148438
18 3 PUT 90 297.461914062
18 3 PUT 99 373.294189453
18 3 PUT 99.9 1253.328125
18 3 GET 50 279.330078125
18 3 GET 80 285.104980469
18 3 GET 90 289.396972656
18 3 GET 99 331.806884766
18 3 GET 99.9 761.227050781
18 4 PUT 50 11.4040527344
18 4 PUT 80 15.3352050781
18 4 PUT 90 18.7170410156
18 4 PUT 99 36.296875
18 4 PUT 99.9 113.175292969
18 4 GET 50 6.3671875
18 4 GET 80 7.2509765625
18 4 GET 90 8.412109375
18 4 GET 99 34.1037597656
18 4 GET 99.9 71.509765625
18 5 PUT 50 93.7741699219
18 5 PUT 80 99.2741699219
18 5 PUT 90 104.660888672
18 5 PUT 99 136.565917969
18 5 PUT 99.9 345.099121094
18 5 GET 50 88.921875
18 5 GET 80 93.2392578125
18 5 GET 90 98.0187988281
18 5 GET 99 144.172851562
18 5 GET 99.9 329.968994141
18 6 PUT 50 167.519287109
18 6 PUT 80 173.761962891
18 6 PUT 90 183.572021484
18 6 PUT 99 213.517089844
18 6 PUT 99.9 337.853759766
18 6 GET 50 162.452880859
18 6 GET 80 165.478027344
18 6 GET 90 178.094238281
18 6 GET 99 212.622070312
18 6 GET 99.9 295.552001953
18 7 PUT 50 399.116943359
18 7 PUT 80 438.576904297
18 7 PUT 90 449.936035156
18 7 PUT 99 500.485107422
18 7 PUT 99.9 668.517089844
18 7 GET 50 392.583251953
18 7 GET 80 432.403076172
18 7 GET 90 443.670898438
18 7 GET 99 494.794677734
18 7 GET 99.9 677.469970703
18 13 PUT 50 248.630126953
18 13 PUT 80 251.927246094
18 13 PUT 90 257.568115234
18 13 PUT 99 292.502929688
18 13 PUT 99.9 650.689697266
18 13 GET 50 244.328125
18 13 GET 80 245.604003906
18 13 GET 90 247.134033203
18 13 GET 99 292.838867188
18 13 GET 99.9 649.541259766
18 14 PUT 50 186.486816406
18 14 PUT 80 190.108886719
18 14 PUT 90 194.356933594
18 14 PUT 99 220.090087891
18 14 PUT 99.9 523.691894531
18 14 GET 50 181.491699219
18 14 GET 80 182.953857422
18 14 GET 90 184.80078125
18 14 GET 99 227.603027344
18 14 GET 99.9 543.705078125
18 15 PUT 50 331.494140625
18 15 PUT 80 335.046875
18 15 PUT 90 339.543212891
18 15 PUT 99 377.147216797
18 15 PUT 99.9 667.004882812
18 15 GET 50 326.386962891
18 15 GET 80 327.855712891
18 15 GET 90 329.190917969
18 15 GET 99 375.889892578
18 15 GET 99.9 615.030029297
18 16 PUT 50 322.020996094
18 16 PUT 80 325.827880859
18 16 PUT 90 330.064208984
18 16 PUT 99 365.324951172
18 16 PUT 99.9 683.864990234
18 16 GET 50 317.146728516
18 16 GET 80 318.75
18 16 GET 90 320.683837891
18 16 GET 99 361.233886719
18 16 GET 99.9 522.391845703
18 17 PUT 50 40.0100097656
18 17 PUT 80 42.1530761719
18 17 PUT 90 45.0593261719
18 17 PUT 99 63.2258300781
18 17 PUT 99.9 290.909912109
18 17 GET 50 36.046875
18 17 GET 80 37.1760253906
18 17 GET 90 38.1828613281
18 17 GET 99 65.8408203125
18 17 GET 99.9 238.201904297
18 18 PUT 50 9.10180664062
18 18 PUT 80 12.2250976562
18 18 PUT 90 16.1450195312
18 18 PUT 99 33.9020996094
18 18 PUT 99.9 391.385986328
18 18 GET 50 4.85205078125
18 18 GET 80 6.12109375
18 18 GET 90 7.17504882812
18 18 GET 99 25.7270507812
18 18 GET 99.9 120.293945312
