0 0 VM 50 0.0
0 0 VM 80 1.0
0 0 VM 90 1.0
0 0 VM 99 1.0
0 0 VM 99.9 2.0
0 1 VM 50 84.0
0 1 VM 80 87.0
0 1 VM 90 88.0
0 1 VM 99 91.0
0 1 VM 99.9 142.0
0 2 VM 50 85.0
0 2 VM 80 85.0
0 2 VM 90 86.0
0 2 VM 99 98.0
0 2 VM 99.9 181.0
0 3 VM 50 101.0
0 3 VM 80 107.0
0 3 VM 90 111.0
0 3 VM 99 187.0
0 3 VM 99.9 195.0
0 4 VM 50 254.0
0 4 VM 80 263.0
0 4 VM 90 267.0
0 4 VM 99 274.0
0 4 VM 99.9 300.0
0 5 VM 50 187.0
0 5 VM 80 204.0
0 5 VM 90 213.0
0 5 VM 99 235.0
0 5 VM 99.9 1177.0
0 6 VM 50 259.0
0 6 VM 80 267.0
0 6 VM 90 270.0
0 6 VM 99 303.0
0 6 VM 99.9 335.0
0 7 VM 50 141.0
0 7 VM 80 149.0
0 7 VM 90 154.0
0 7 VM 99 190.0
0 7 VM 99.9 284.0
0 13 VM 50 2.0
0 13 VM 80 3.0
0 13 VM 90 3.0
0 13 VM 99 9.0
0 13 VM 99.9 92.0
0 14 VM 50 65.0
0 14 VM 80 66.0
0 14 VM 90 66.0
0 14 VM 99 73.0
0 14 VM 99.9 118.0
0 15 VM 50 91.0
0 15 VM 80 93.0
0 15 VM 90 94.0
0 15 VM 99 100.0
0 15 VM 99.9 579.0
0 16 VM 50 83.0
0 16 VM 80 86.0
0 16 VM 90 87.0
0 16 VM 99 96.0
0 16 VM 99.9 423.0
0 17 VM 50 232.0
0 17 VM 80 236.0
0 17 VM 90 237.0
0 17 VM 99 243.0
0 17 VM 99.9 343.0
0 18 VM 50 253.0
0 18 VM 80 255.0
0 18 VM 90 255.0
0 18 VM 99 262.0
0 18 VM 99.9 382.0
1 0 VM 50 84.0
1 0 VM 80 87.0
1 0 VM 90 88.0
1 0 VM 99 91.0
1 0 VM 99.9 142.0
1 1 VM 50 1.0
1 1 VM 80 1.0
1 1 VM 90 1.0
1 1 VM 99 1.0
1 1 VM 99.9 1.0
1 2 VM 50 22.0
1 2 VM 80 22.0
1 2 VM 90 22.0
1 2 VM 99 24.0
1 2 VM 99.9 93.0
1 3 VM 50 164.0
1 3 VM 80 181.0
1 3 VM 90 187.0
1 3 VM 99 198.0
1 3 VM 99.9 236.0
1 4 VM 50 214.0
1 4 VM 80 222.0
1 4 VM 90 226.0
1 4 VM 99 233.0
1 4 VM 99.9 248.0
1 5 VM 50 139.0
1 5 VM 80 151.0
1 5 VM 90 160.0
1 5 VM 99 176.0
1 5 VM 99.9 1149.0
1 6 VM 50 206.0
1 6 VM 80 216.0
1 6 VM 90 219.0
1 6 VM 99 238.0
1 6 VM 99.9 282.0
1 7 VM 50 205.0
1 7 VM 80 216.0
1 7 VM 90 222.0
1 7 VM 99 233.0
1 7 VM 99.9 280.0
1 13 VM 50 78.0
1 13 VM 80 78.0
1 13 VM 90 79.0
1 13 VM 99 82.0
1 13 VM 99.9 98.0
1 14 VM 50 24.0
1 14 VM 80 25.0
1 14 VM 90 25.0
1 14 VM 99 28.0
1 14 VM 99.9 71.0
1 15 VM 50 159.0
1 15 VM 80 160.0
1 15 VM 90 160.0
1 15 VM 99 178.0
1 15 VM 99.9 712.0
1 16 VM 50 158.0
1 16 VM 80 161.0
1 16 VM 90 162.0
1 16 VM 99 177.0
1 16 VM 99.9 1174.0
1 17 VM 50 188.0
1 17 VM 80 192.0
1 17 VM 90 197.0
1 17 VM 99 216.0
1 17 VM 99.9 227.0
1 18 VM 50 204.0
1 18 VM 80 205.0
1 18 VM 90 206.0
1 18 VM 99 212.0
1 18 VM 99.9 310.0
2 0 VM 50 85.0
2 0 VM 80 85.0
2 0 VM 90 86.0
2 0 VM 99 98.0
2 0 VM 99.9 181.0
2 1 VM 50 22.0
2 1 VM 80 22.0
2 1 VM 90 22.0
2 1 VM 99 24.0
2 1 VM 99.9 93.0
2 2 VM 50 0.0
2 2 VM 80 1.0
2 2 VM 90 1.0
2 2 VM 99 1.0
2 2 VM 99.9 2.0
2 3 VM 50 165.0
2 3 VM 80 172.0
2 3 VM 90 176.0
2 3 VM 99 186.0
2 3 VM 99.9 281.0
2 4 VM 50 192.0
2 4 VM 80 198.0
2 4 VM 90 201.0
2 4 VM 99 210.0
2 4 VM 99.9 262.0
2 5 VM 50 129.0
2 5 VM 80 143.0
2 5 VM 90 170.0
2 5 VM 99 183.0
2 5 VM 99.9 1145.0
2 6 VM 50 186.0
2 6 VM 80 195.0
2 6 VM 90 201.0
2 6 VM 99 235.0
2 6 VM 99.9 268.0
2 7 VM 50 198.0
2 7 VM 80 209.0
2 7 VM 90 217.0
2 7 VM 99 266.0
2 7 VM 99.9 572.0
2 13 VM 50 68.0
2 13 VM 80 68.0
2 13 VM 90 69.0
2 13 VM 99 73.0
2 13 VM 99.9 452.0
2 14 VM 50 5.0
2 14 VM 80 5.0
2 14 VM 90 6.0
2 14 VM 99 10.0
2 14 VM 99.9 182.0
2 15 VM 50 151.0
2 15 VM 80 152.0
2 15 VM 90 153.0
2 15 VM 99 171.0
2 15 VM 99.9 630.0
2 16 VM 50 151.0
2 16 VM 80 160.0
2 16 VM 90 170.0
2 16 VM 99 1153.0
2 16 VM 99.9 1176.0
2 17 VM 50 160.0
2 17 VM 80 165.0
2 17 VM 90 165.0
2 17 VM 99 194.0
2 17 VM 99.9 294.0
2 18 VM 50 180.0
2 18 VM 80 181.0
2 18 VM 90 182.0
2 18 VM 99 191.0
2 18 VM 99.9 581.0
3 0 VM 50 101.0
3 0 VM 80 107.0
3 0 VM 90 111.0
3 0 VM 99 187.0
3 0 VM 99.9 195.0
3 1 VM 50 164.0
3 1 VM 80 181.0
3 1 VM 90 187.0
3 1 VM 99 198.0
3 1 VM 99.9 236.0
3 2 VM 50 165.0
3 2 VM 80 172.0
3 2 VM 90 176.0
3 2 VM 99 186.0
3 2 VM 99.9 281.0
3 3 VM 50 0.0
3 3 VM 80 1.0
3 3 VM 90 1.0
3 3 VM 99 1.0
3 3 VM 99.9 1.0
3 4 VM 50 277.0
3 4 VM 80 282.0
3 4 VM 90 283.0
3 4 VM 99 360.0
3 4 VM 99.9 367.0
3 5 VM 50 283.0
3 5 VM 80 286.0
3 5 VM 90 289.0
3 5 VM 99 365.0
3 5 VM 99.9 1286.0
3 6 VM 50 354.0
3 6 VM 80 362.0
3 6 VM 90 367.0
3 6 VM 99 393.0
3 6 VM 99.9 416.0
3 7 VM 50 223.0
3 7 VM 80 235.0
3 7 VM 90 239.0
3 7 VM 99 283.0
3 7 VM 99.9 398.0
3 13 VM 50 79.0
3 13 VM 80 79.0
3 13 VM 90 80.0
3 13 VM 99 87.0
3 13 VM 99.9 222.0
3 14 VM 50 142.0
3 14 VM 80 145.0
3 14 VM 90 146.0
3 14 VM 99 152.0
3 14 VM 99.9 189.0
3 15 VM 50 24.0
3 15 VM 80 24.0
3 15 VM 90 25.0
3 15 VM 99 30.0
3 15 VM 99.9 406.0
3 16 VM 50 16.0
3 16 VM 80 16.0
3 16 VM 90 17.0
3 16 VM 99 21.0
3 16 VM 99.9 467.0
3 17 VM 50 268.0
3 17 VM 80 272.0
3 17 VM 90 275.0
3 17 VM 99 360.0
3 17 VM 99.9 1276.0
3 18 VM 50 272.0
3 18 VM 80 275.0
3 18 VM 90 278.0
3 18 VM 99 361.0
3 18 VM 99.9 1275.0
4 0 VM 50 254.0
4 0 VM 80 263.0
4 0 VM 90 267.0
4 0 VM 99 274.0
4 0 VM 99.9 300.0
4 1 VM 50 214.0
4 1 VM 80 222.0
4 1 VM 90 226.0
4 1 VM 99 233.0
4 1 VM 99.9 248.0
4 2 VM 50 192.0
4 2 VM 80 198.0
4 2 VM 90 201.0
4 2 VM 99 210.0
4 2 VM 99.9 262.0
4 3 VM 50 277.0
4 3 VM 80 282.0
4 3 VM 90 283.0
4 3 VM 99 360.0
4 3 VM 99.9 367.0
4 4 VM 50 0.0
4 4 VM 80 1.0
4 4 VM 90 1.0
4 4 VM 99 1.0
4 4 VM 99.9 1.0
4 5 VM 50 90.0
4 5 VM 80 94.0
4 5 VM 90 96.0
4 5 VM 99 108.0
4 5 VM 99.9 146.0
4 6 VM 50 200.0
4 6 VM 80 206.0
4 6 VM 90 211.0
4 6 VM 99 235.0
4 6 VM 99.9 253.0
4 7 VM 50 363.0
4 7 VM 80 370.0
4 7 VM 90 376.0
4 7 VM 99 388.0
4 7 VM 99.9 436.0
4 13 VM 50 248.0
4 13 VM 80 254.0
4 13 VM 90 261.0
4 13 VM 99 272.0
4 13 VM 99.9 282.0
4 14 VM 50 183.0
4 14 VM 80 191.0
4 14 VM 90 194.0
4 14 VM 99 204.0
4 14 VM 99.9 219.0
4 15 VM 50 263.0
4 15 VM 80 267.0
4 15 VM 90 270.0
4 15 VM 99 344.0
4 15 VM 99.9 698.0
4 16 VM 50 256.0
4 16 VM 80 265.0
4 16 VM 90 268.0
4 16 VM 99 323.0
4 16 VM 99.9 739.0
4 17 VM 50 33.0
4 17 VM 80 34.0
4 17 VM 90 35.0
4 17 VM 99 180.0
4 17 VM 99.9 464.0
4 18 VM 50 3.0
4 18 VM 80 3.0
4 18 VM 90 3.0
4 18 VM 99 8.0
4 18 VM 99.9 404.0
5 0 VM 50 187.0
5 0 VM 80 204.0
5 0 VM 90 213.0
5 0 VM 99 235.0
5 0 VM 99.9 1177.0
5 1 VM 50 139.0
5 1 VM 80 151.0
5 1 VM 90 160.0
5 1 VM 99 176.0
5 1 VM 99.9 1149.0
5 2 VM 50 129.0
5 2 VM 80 143.0
5 2 VM 90 170.0
5 2 VM 99 183.0
5 2 VM 99.9 1145.0
5 3 VM 50 283.0
5 3 VM 80 286.0
5 3 VM 90 289.0
5 3 VM 99 365.0
5 3 VM 99.9 1286.0
5 4 VM 50 90.0
5 4 VM 80 94.0
5 4 VM 90 96.0
5 4 VM 99 108.0
5 4 VM 99.9 146.0
5 5 VM 50 0.0
5 5 VM 80 0.0
5 5 VM 90 1.0
5 5 VM 99 1.0
5 5 VM 99.9 4.0
5 6 VM 50 146.0
5 6 VM 80 163.0
5 6 VM 90 167.0
5 6 VM 99 188.0
5 6 VM 99.9 221.0
5 7 VM 50 295.0
5 7 VM 80 303.0
5 7 VM 90 309.0
5 7 VM 99 349.0
5 7 VM 99.9 1274.0
5 13 VM 50 193.0
5 13 VM 80 194.0
5 13 VM 90 199.0
5 13 VM 99 212.0
5 13 VM 99.9 757.0
5 14 VM 50 131.0
5 14 VM 80 136.0
5 14 VM 90 141.0
5 14 VM 99 156.0
5 14 VM 99.9 1136.0
5 15 VM 50 227.0
5 15 VM 80 230.0
5 15 VM 90 235.0
5 15 VM 99 254.0
5 15 VM 99.9 1222.0
5 16 VM 50 234.0
5 16 VM 80 236.0
5 16 VM 90 243.0
5 16 VM 99 262.0
5 16 VM 99.9 650.0
5 17 VM 50 64.0
5 17 VM 80 70.0
5 17 VM 90 76.0
5 17 VM 99 181.0
5 17 VM 99.9 568.0
5 18 VM 50 84.0
5 18 VM 80 91.0
5 18 VM 90 94.0
5 18 VM 99 105.0
5 18 VM 99.9 500.0
6 0 VM 50 259.0
6 0 VM 80 267.0
6 0 VM 90 270.0
6 0 VM 99 303.0
6 0 VM 99.9 335.0
6 1 VM 50 206.0
6 1 VM 80 216.0
6 1 VM 90 219.0
6 1 VM 99 238.0
6 1 VM 99.9 282.0
6 2 VM 50 186.0
6 2 VM 80 195.0
6 2 VM 90 201.0
6 2 VM 99 235.0
6 2 VM 99.9 268.0
6 3 VM 50 354.0
6 3 VM 80 362.0
6 3 VM 90 367.0
6 3 VM 99 393.0
6 3 VM 99.9 416.0
6 4 VM 50 200.0
6 4 VM 80 206.0
6 4 VM 90 211.0
6 4 VM 99 235.0
6 4 VM 99.9 253.0
6 5 VM 50 146.0
6 5 VM 80 163.0
6 5 VM 90 167.0
6 5 VM 99 188.0
6 5 VM 99.9 221.0
6 6 VM 50 0.0
6 6 VM 80 0.0
6 6 VM 90 1.0
6 6 VM 99 1.0
6 6 VM 99.9 1.0
6 7 VM 50 340.0
6 7 VM 80 379.0
6 7 VM 90 388.0
6 7 VM 99 409.0
6 7 VM 99.9 452.0
6 13 VM 50 224.0
6 13 VM 80 263.0
6 13 VM 90 264.0
6 13 VM 99 296.0
6 13 VM 99.9 441.0
6 14 VM 50 188.0
6 14 VM 80 208.0
6 14 VM 90 210.0
6 14 VM 99 257.0
6 14 VM 99.9 301.0
6 15 VM 50 333.0
6 15 VM 80 343.0
6 15 VM 90 345.0
6 15 VM 99 393.0
6 15 VM 99.9 430.0
6 16 VM 50 341.0
6 16 VM 80 344.0
6 16 VM 90 347.0
6 16 VM 99 421.0
6 16 VM 99.9 655.0
6 17 VM 50 151.0
6 17 VM 80 156.0
6 17 VM 90 157.0
6 17 VM 99 229.0
6 17 VM 99.9 258.0
6 18 VM 50 158.0
6 18 VM 80 159.0
6 18 VM 90 160.0
6 18 VM 99 183.0
6 18 VM 99.9 257.0
7 0 VM 50 141.0
7 0 VM 80 149.0
7 0 VM 90 154.0
7 0 VM 99 190.0
7 0 VM 99.9 284.0
7 1 VM 50 205.0
7 1 VM 80 216.0
7 1 VM 90 222.0
7 1 VM 99 233.0
7 1 VM 99.9 280.0
7 2 VM 50 198.0
7 2 VM 80 209.0
7 2 VM 90 217.0
7 2 VM 99 266.0
7 2 VM 99.9 572.0
7 3 VM 50 223.0
7 3 VM 80 235.0
7 3 VM 90 239.0
7 3 VM 99 283.0
7 3 VM 99.9 398.0
7 4 VM 50 363.0
7 4 VM 80 370.0
7 4 VM 90 376.0
7 4 VM 99 388.0
7 4 VM 99.9 436.0
7 5 VM 50 295.0
7 5 VM 80 303.0
7 5 VM 90 309.0
7 5 VM 99 349.0
7 5 VM 99.9 1274.0
7 6 VM 50 340.0
7 6 VM 80 379.0
7 6 VM 90 388.0
7 6 VM 99 409.0
7 6 VM 99.9 452.0
7 7 VM 50 0.0
7 7 VM 80 1.0
7 7 VM 90 1.0
7 7 VM 99 2.0
7 7 VM 99.9 8.0
7 13 VM 50 148.0
7 13 VM 80 153.0
7 13 VM 90 160.0
7 13 VM 99 194.0
7 13 VM 99.9 1146.0
7 14 VM 50 188.0
7 14 VM 80 193.0
7 14 VM 90 205.0
7 14 VM 99 246.0
7 14 VM 99.9 1191.0
7 15 VM 50 224.0
7 15 VM 80 234.0
7 15 VM 90 237.0
7 15 VM 99 246.0
7 15 VM 99.9 1222.0
7 16 VM 50 236.0
7 16 VM 80 244.0
7 16 VM 90 246.0
7 16 VM 99 256.0
7 16 VM 99.9 1238.0
7 17 VM 50 359.0
7 17 VM 80 410.0
7 17 VM 90 417.0
7 17 VM 99 463.0
7 17 VM 99.9 1339.0
7 18 VM 50 382.0
7 18 VM 80 425.0
7 18 VM 90 432.0
7 18 VM 99 478.0
7 18 VM 99.9 858.0
13 0 VM 50 2.0
13 0 VM 80 3.0
13 0 VM 90 3.0
13 0 VM 99 9.0
13 0 VM 99.9 92.0
13 1 VM 50 78.0
13 1 VM 80 78.0
13 1 VM 90 79.0
13 1 VM 99 82.0
13 1 VM 99.9 98.0
13 2 VM 50 68.0
13 2 VM 80 68.0
13 2 VM 90 69.0
13 2 VM 99 73.0
13 2 VM 99.9 452.0
13 3 VM 50 79.0
13 3 VM 80 79.0
13 3 VM 90 80.0
13 3 VM 99 87.0
13 3 VM 99.9 222.0
13 4 VM 50 248.0
13 4 VM 80 254.0
13 4 VM 90 261.0
13 4 VM 99 272.0
13 4 VM 99.9 282.0
13 5 VM 50 193.0
13 5 VM 80 194.0
13 5 VM 90 199.0
13 5 VM 99 212.0
13 5 VM 99.9 757.0
13 6 VM 50 224.0
13 6 VM 80 263.0
13 6 VM 90 264.0
13 6 VM 99 296.0
13 6 VM 99.9 441.0
13 7 VM 50 148.0
13 7 VM 80 153.0
13 7 VM 90 160.0
13 7 VM 99 194.0
13 7 VM 99.9 1146.0
13 13 VM 50 2.0
13 13 VM 80 2.0
13 13 VM 90 3.0
13 13 VM 99 6.0
13 13 VM 99.9 16.0
13 14 VM 50 65.0
13 14 VM 80 65.0
13 14 VM 90 66.0
13 14 VM 99 71.0
13 14 VM 99.9 603.0
13 15 VM 50 83.0
13 15 VM 80 84.0
13 15 VM 90 84.0
13 15 VM 99 88.0
13 15 VM 99.9 539.0
13 16 VM 50 87.0
13 16 VM 80 95.0
13 16 VM 90 101.0
13 16 VM 99 116.0
13 16 VM 99.9 553.0
13 17 VM 50 210.0
13 17 VM 80 211.0
13 17 VM 90 212.0
13 17 VM 99 217.0
13 17 VM 99.9 613.0
13 18 VM 50 240.0
13 18 VM 80 241.0
13 18 VM 90 241.0
13 18 VM 99 246.0
13 18 VM 99.9 658.0
14 0 VM 50 65.0
14 0 VM 80 66.0
14 0 VM 90 66.0
14 0 VM 99 73.0
14 0 VM 99.9 118.0
14 1 VM 50 24.0
14 1 VM 80 25.0
14 1 VM 90 25.0
14 1 VM 99 28.0
14 1 VM 99.9 71.0
14 2 VM 50 5.0
14 2 VM 80 5.0
14 2 VM 90 6.0
14 2 VM 99 10.0
14 2 VM 99.9 182.0
14 3 VM 50 142.0
14 3 VM 80 145.0
14 3 VM 90 146.0
14 3 VM 99 152.0
14 3 VM 99.9 189.0
14 4 VM 50 183.0
14 4 VM 80 191.0
14 4 VM 90 194.0
14 4 VM 99 204.0
14 4 VM 99.9 219.0
14 5 VM 50 131.0
14 5 VM 80 136.0
14 5 VM 90 141.0
14 5 VM 99 156.0
14 5 VM 99.9 1136.0
14 6 VM 50 188.0
14 6 VM 80 208.0
14 6 VM 90 210.0
14 6 VM 99 257.0
14 6 VM 99.9 301.0
14 7 VM 50 188.0
14 7 VM 80 193.0
14 7 VM 90 205.0
14 7 VM 99 246.0
14 7 VM 99.9 1191.0
14 13 VM 50 65.0
14 13 VM 80 65.0
14 13 VM 90 66.0
14 13 VM 99 71.0
14 13 VM 99.9 603.0
14 14 VM 50 1.0
14 14 VM 80 2.0
14 14 VM 90 2.0
14 14 VM 99 6.0
14 14 VM 99.9 20.0
14 15 VM 50 146.0
14 15 VM 80 147.0
14 15 VM 90 148.0
14 15 VM 99 153.0
14 15 VM 99.9 607.0
14 16 VM 50 144.0
14 16 VM 80 148.0
14 16 VM 90 150.0
14 16 VM 99 157.0
14 16 VM 99.9 596.0
14 17 VM 50 147.0
14 17 VM 80 159.0
14 17 VM 90 160.0
14 17 VM 99 162.0
14 17 VM 99.9 574.0
14 18 VM 50 178.0
14 18 VM 80 189.0
14 18 VM 90 189.0
14 18 VM 99 192.0
14 18 VM 99.9 600.0
15 0 VM 50 91.0
15 0 VM 80 93.0
15 0 VM 90 94.0
15 0 VM 99 100.0
15 0 VM 99.9 579.0
15 1 VM 50 159.0
15 1 VM 80 160.0
15 1 VM 90 160.0
15 1 VM 99 178.0
15 1 VM 99.9 712.0
15 2 VM 50 151.0
15 2 VM 80 152.0
15 2 VM 90 153.0
15 2 VM 99 171.0
15 2 VM 99.9 630.0
15 3 VM 50 24.0
15 3 VM 80 24.0
15 3 VM 90 25.0
15 3 VM 99 30.0
15 3 VM 99.9 406.0
15 4 VM 50 263.0
15 4 VM 80 267.0
15 4 VM 90 270.0
15 4 VM 99 344.0
15 4 VM 99.9 698.0
15 5 VM 50 227.0
15 5 VM 80 230.0
15 5 VM 90 235.0
15 5 VM 99 254.0
15 5 VM 99.9 1222.0
15 6 VM 50 333.0
15 6 VM 80 343.0
15 6 VM 90 345.0
15 6 VM 99 393.0
15 6 VM 99.9 430.0
15 7 VM 50 224.0
15 7 VM 80 234.0
15 7 VM 90 237.0
15 7 VM 99 246.0
15 7 VM 99.9 1222.0
15 13 VM 50 83.0
15 13 VM 80 84.0
15 13 VM 90 84.0
15 13 VM 99 88.0
15 13 VM 99.9 539.0
15 14 VM 50 146.0
15 14 VM 80 147.0
15 14 VM 90 148.0
15 14 VM 99 153.0
15 14 VM 99.9 607.0
15 15 VM 50 1.0
15 15 VM 80 2.0
15 15 VM 90 2.0
15 15 VM 99 4.0
15 15 VM 99.9 12.0
15 16 VM 50 20.0
15 16 VM 80 21.0
15 16 VM 90 22.0
15 16 VM 99 25.0
15 16 VM 99.9 458.0
15 17 VM 50 291.0
15 17 VM 80 293.0
15 17 VM 90 293.0
15 17 VM 99 297.0
15 17 VM 99.9 710.0
15 18 VM 50 322.0
15 18 VM 80 323.0
15 18 VM 90 323.0
15 18 VM 99 329.0
15 18 VM 99.9 728.0
16 0 VM 50 83.0
16 0 VM 80 86.0
16 0 VM 90 87.0
16 0 VM 99 96.0
16 0 VM 99.9 423.0
16 1 VM 50 158.0
16 1 VM 80 161.0
16 1 VM 90 162.0
16 1 VM 99 177.0
16 1 VM 99.9 1174.0
16 2 VM 50 151.0
16 2 VM 80 160.0
16 2 VM 90 170.0
16 2 VM 99 1153.0
16 2 VM 99.9 1176.0
16 3 VM 50 16.0
16 3 VM 80 16.0
16 3 VM 90 17.0
16 3 VM 99 21.0
16 3 VM 99.9 467.0
16 4 VM 50 256.0
16 4 VM 80 265.0
16 4 VM 90 268.0
16 4 VM 99 323.0
16 4 VM 99.9 739.0
16 5 VM 50 234.0
16 5 VM 80 236.0
16 5 VM 90 243.0
16 5 VM 99 262.0
16 5 VM 99.9 650.0
16 6 VM 50 341.0
16 6 VM 80 344.0
16 6 VM 90 347.0
16 6 VM 99 421.0
16 6 VM 99.9 655.0
16 7 VM 50 236.0
16 7 VM 80 244.0
16 7 VM 90 246.0
16 7 VM 99 256.0
16 7 VM 99.9 1238.0
16 13 VM 50 87.0
16 13 VM 80 95.0
16 13 VM 90 101.0
16 13 VM 99 116.0
16 13 VM 99.9 553.0
16 14 VM 50 144.0
16 14 VM 80 148.0
16 14 VM 90 150.0
16 14 VM 99 157.0
16 14 VM 99.9 596.0
16 15 VM 50 20.0
16 15 VM 80 21.0
16 15 VM 90 22.0
16 15 VM 99 25.0
16 15 VM 99.9 458.0
16 16 VM 50 1.0
16 16 VM 80 1.0
16 16 VM 90 1.0
16 16 VM 99 4.0
16 16 VM 99.9 10.0
16 17 VM 50 284.0
16 17 VM 80 285.0
16 17 VM 90 286.0
16 17 VM 99 291.0
16 17 VM 99.9 703.0
16 18 VM 50 313.0
16 18 VM 80 314.0
16 18 VM 90 314.0
16 18 VM 99 320.0
16 18 VM 99.9 762.0
17 0 VM 50 232.0
17 0 VM 80 236.0
17 0 VM 90 237.0
17 0 VM 99 243.0
17 0 VM 99.9 343.0
17 1 VM 50 188.0
17 1 VM 80 192.0
17 1 VM 90 197.0
17 1 VM 99 216.0
17 1 VM 99.9 227.0
17 2 VM 50 160.0
17 2 VM 80 165.0
17 2 VM 90 165.0
17 2 VM 99 194.0
17 2 VM 99.9 294.0
17 3 VM 50 268.0
17 3 VM 80 272.0
17 3 VM 90 275.0
17 3 VM 99 360.0
17 3 VM 99.9 1276.0
17 4 VM 50 33.0
17 4 VM 80 34.0
17 4 VM 90 35.0
17 4 VM 99 180.0
17 4 VM 99.9 464.0
17 5 VM 50 64.0
17 5 VM 80 70.0
17 5 VM 90 76.0
17 5 VM 99 181.0
17 5 VM 99.9 568.0
17 6 VM 50 151.0
17 6 VM 80 156.0
17 6 VM 90 157.0
17 6 VM 99 229.0
17 6 VM 99.9 258.0
17 7 VM 50 359.0
17 7 VM 80 410.0
17 7 VM 90 417.0
17 7 VM 99 463.0
17 7 VM 99.9 1339.0
17 13 VM 50 210.0
17 13 VM 80 211.0
17 13 VM 90 212.0
17 13 VM 99 217.0
17 13 VM 99.9 613.0
17 14 VM 50 147.0
17 14 VM 80 159.0
17 14 VM 90 160.0
17 14 VM 99 162.0
17 14 VM 99.9 574.0
17 15 VM 50 291.0
17 15 VM 80 293.0
17 15 VM 90 293.0
17 15 VM 99 297.0
17 15 VM 99.9 710.0
17 16 VM 50 284.0
17 16 VM 80 285.0
17 16 VM 90 286.0
17 16 VM 99 291.0
17 16 VM 99.9 703.0
17 17 VM 50 1.0
17 17 VM 80 1.0
17 17 VM 90 2.0
17 17 VM 99 3.0
17 17 VM 99.9 9.0
17 18 VM 50 32.0
17 18 VM 80 33.0
17 18 VM 90 33.0
17 18 VM 99 37.0
17 18 VM 99.9 532.0
18 0 VM 50 253.0
18 0 VM 80 255.0
18 0 VM 90 255.0
18 0 VM 99 262.0
18 0 VM 99.9 382.0
18 1 VM 50 204.0
18 1 VM 80 205.0
18 1 VM 90 206.0
18 1 VM 99 212.0
18 1 VM 99.9 310.0
18 2 VM 50 180.0
18 2 VM 80 181.0
18 2 VM 90 182.0
18 2 VM 99 191.0
18 2 VM 99.9 581.0
18 3 VM 50 272.0
18 3 VM 80 275.0
18 3 VM 90 278.0
18 3 VM 99 361.0
18 3 VM 99.9 1275.0
18 4 VM 50 3.0
18 4 VM 80 3.0
18 4 VM 90 3.0
18 4 VM 99 8.0
18 4 VM 99.9 404.0
18 5 VM 50 84.0
18 5 VM 80 91.0
18 5 VM 90 94.0
18 5 VM 99 105.0
18 5 VM 99.9 500.0
18 6 VM 50 158.0
18 6 VM 80 159.0
18 6 VM 90 160.0
18 6 VM 99 183.0
18 6 VM 99.9 257.0
18 7 VM 50 382.0
18 7 VM 80 425.0
18 7 VM 90 432.0
18 7 VM 99 478.0
18 7 VM 99.9 858.0
18 13 VM 50 240.0
18 13 VM 80 241.0
18 13 VM 90 241.0
18 13 VM 99 246.0
18 13 VM 99.9 658.0
18 14 VM 50 178.0
18 14 VM 80 189.0
18 14 VM 90 189.0
18 14 VM 99 192.0
18 14 VM 99.9 600.0
18 15 VM 50 322.0
18 15 VM 80 323.0
18 15 VM 90 323.0
18 15 VM 99 329.0
18 15 VM 99.9 728.0
18 16 VM 50 313.0
18 16 VM 80 314.0
18 16 VM 90 314.0
18 16 VM 99 320.0
18 16 VM 99.9 762.0
18 17 VM 50 32.0
18 17 VM 80 33.0
18 17 VM 90 33.0
18 17 VM 99 37.0
18 17 VM 99.9 532.0
18 18 VM 50 1.0
18 18 VM 80 2.0
18 18 VM 90 2.0
18 18 VM 99 6.0
18 18 VM 99.9 16.0
